LFA	Date	Date	Vessel Code	Latitude	Longitude	Latitude (degrees)	Longitude (degrees)	Depth	Depth (m)	Gauge	Temp	Time	Soak Days
27	14/05/2012	41043	1002	4616.01	6009.51	46.26683333	60.1585	6	10.9728	6512	3.72		2
27	16/05/2012	41045	1002	4616.01	6009.51	46.26683333	60.1585	6	10.9728	6512	3.49		2
27	18/05/2012	41047	1002	4616.01	6009.51	46.26683333	60.1585	6	10.9728	6512	4.37		2
27	21/05/2012	41050	1002	4616.01	6009.51	46.26683333	60.1585	6	10.9728	6512	4.65		3
27	23/05/2012	41052	1002	4616.01	6009.51	46.26683333	60.1585	6	10.9728	6512	5.2		2
27	25/05/2012	41054	1002	4616.01	6009.51	46.26683333	60.1585	6	10.9728	6512	5.85		2
27	28/05/2012	41057	1002	4616.01	6009.51	46.26683333	60.1585	6	10.9728	6512	6.36		3
27	30/05/2012	41059	1002	4616.01	6009.51	46.26683333	60.1585	6	10.9728	6512	8.16		2
27	01/06/2012	41061	1002	4616.01	6009.51	46.26683333	60.1585	6	10.9728	6512	6.93		2
27	07/06/2012	41067	1002	4616.01	6009.51	46.26683333	60.1585	6	10.9728	6512	9.07		6
27	08/06/2012	41068	1002	4616.01	6009.51	46.26683333	60.1585	6	10.9728	6512	9.04		1
27	09/06/2012	41069	1002	4616.01	6009.51	46.26683333	60.1585	6	10.9728	6512	9.22		1
27	10/06/2012	41070	1002	4616.01	6009.51	46.26683333	60.1585	6	10.9728	6512	7.89		1
27	12/06/2012	41072	1002	4616.01	6009.51	46.26683333	60.1585	6	10.9728	6512	7.78		2
27	13/06/2012	41073	1002	4616.01	6009.51	46.26683333	60.1585	6	10.9728	6512	6.36		1
27	18/06/2012	41078	1002	4616.01	6009.51	46.26683333	60.1585	6	10.9728	6512	7.4		5
27	20/06/2012	41080	1002	4616.01	6009.51	46.26683333	60.1585	6	10.9728	6512	7.86		2
27	22/06/2012	41082	1002	4616.01	6009.51	46.26683333	60.1585	6	10.9728	6512	8.43		2
27	23/06/2012	41083	1002	4616.01	6009.51	46.26683333	60.1585	6	10.9728	6512	8.77		1
27	25/06/2012	41085	1002	4616.01	6009.51	46.26683333	60.1585	6	10.9728	6512	8.46		2
27	26/06/2012	41086	1002	4616.01	6009.51	46.26683333	60.1585	6	10.9728	6512	8.01		1
27	28/06/2012	41088	1002	4616.01	6009.51	46.26683333	60.1585	6	10.9728	6512	7.03		2
27	29/06/2012	41089	1002	4616.01	6009.51	46.26683333	60.1585	6	10.9728	6512	7.11		1
27	30/06/2012	41090	1002	4616.01	6009.51	46.26683333	60.1585	6	10.9728	6512	7.35		1
27	02/07/2012	41092	1002	4616.01	6009.51	46.26683333	60.1585	6	10.9728	6512	9.92		2
27	03/07/2012	41093	1002	4616.01	6009.51	46.26683333	60.1585	6	10.9728	6512	11.5		1
27	04/07/2012	41094	1002	4616.01	6009.51	46.26683333	60.1585	6	10.9728	6512	12.09		1
27	05/07/2012	41095	1002	4616.01	6009.51	46.26683333	60.1585	6	10.9728	6512	13.02		1
27	07/07/2012	41097	1002	4616.01	6009.51	46.26683333	60.1585	6	10.9728	6512	14.41		2
27	09/07/2012	41099	1002	4616.01	6009.51	46.26683333	60.1585	6	10.9728	6512	15.3		2
27	11/07/2012	41101	1002	4616.01	6009.51	46.26683333	60.1585	6	10.9728	6512	15.84		2
27	12/07/2012	41102	1002	4616.01	6009.51	46.26683333	60.1585	6	10.9728	6512	15.84		1
27	14/05/2012	41043	1012	4639.3	6022.67	46.655	60.37783333	6	10.9728	6511	4.13	8:54	2
27	15/05/2012	41044	1012	4639.3	6022.67	46.655	60.37783333	6	10.9728	6511	3.9	8:59	1
27	16/05/2012	41045	1012	4639.3	6022.67	46.655	60.37783333	6	10.9728	6511	4.03	8:05	1
27	17/05/2012	41046	1012	4639.3	6022.67	46.655	60.37783333	6	10.9728	6511	3.61	8:25	1
27	18/05/2012	41047	1012	4639.3	6022.67	46.655	60.37783333	6	10.9728	6511	2.71		1
27	19/05/2012	41048	1012	4639.3	6022.67	46.655	60.37783333	6	10.9728	6511	4.66	8:03	1
27	21/05/2012	41050	1012	4639.3	6022.67	46.655	60.37783333	6	10.9728	6511	6.11	8:44	2
27	22/05/2012	41051	1012	4639.2	6022.67	46.65333333	60.37783333	6	10.9728	6511	5.99	8:28	1
27	23/05/2012	41052	1012	4639.3	6022.67	46.655	60.37783333	6	10.9728	6511	5.75	8:15	6
27	24/05/2012	41053	1012	4639.3	6022.67	46.655	60.37783333	6	10.9728	6511	7.09	8:06	1
27	25/05/2012	41054	1012	4639.3	6022.67	46.655	60.37783333	6	10.9728	6511	6.16	8:19	1
27	26/05/2012	41055	1012	4639.3	6022.67	46.655	60.37783333	6	10.9728	6511	3.44	8:29	1
27	28/05/2012	41057	1012	4639.3	6022.67	46.655	60.37783333	6	10.9728	6511	6.91	8:09	2
27	29/05/2012	41058	1012	4639.3	6022.67	46.655	60.37783333	6	10.9728	6511	7.58	7:58	1
27	30/05/2012	41059	1012	4639.3	6022.67	46.655	60.37783333	6	10.9728	6511	7.37	7:38	1
27	31/05/2012	41060	1012	4639.3	6022.67	46.655	60.37783333	6	10.9728	6511	7.2	8:12	1
27	01/06/2012	41061	1012	4639.3	6022.67	46.655	60.37783333	6	10.9728	6511	6.98	8:10	1
27	02/06/2012	41062	1012	4639.3	6022.67	46.655	60.37783333	6	10.9728	6511	7.55	8:01	1
27	04/06/2012	41064	1012	4639.3	6022.67	46.655	60.37783333	6	10.9728	6511	8.84	8:02	2
27	05/06/2012	41065	1012	4639.3	6022.67	46.655	60.37783333	6	10.9728	6511	9.25	8:28	1
27	07/06/2012	41067	1012	4639.3	6022.67	46.655	60.37783333	6	10.9728	6511	8.78	8:33	2
27	08/06/2012	41068	1012	4639.3	6022.67	46.655	60.37783333	6	10.9728	6511	8.47		1
27	09/06/2012	41069	1012	4639.3	6022.67	46.655	60.37783333	6	10.9728	6511	6.45	8:18	1
27	11/06/2012	41071	1012	4639.3	6022.67	46.655	60.37783333	6	10.9728	6511	4.88	8:26	2
27	12/06/2012	41072	1012	4639.3	6022.67	46.655	60.37783333	6	10.9728	6511	5.62	8:00	1
27	13/06/2012	41073	1012	4639.3	6022.67	46.655	60.37783333	6	10.9728	6511	5.6	8:00	1
27	15/06/2012	41075	1012	4639.3	6022.67	46.655	60.37783333	6	10.9728	6511	8.77	8:25	2
27	16/06/2012	41076	1012	4639.3	6022.67	46.655	60.37783333	6	10.9728	6511	7.65	8:16	1
27	18/06/2012	41078	1012	4639.3	6022.67	46.655	60.37783333	6	10.9728	6511	8.34	8:29	2
27	19/06/2012	41079	1012	4639.3	6022.67	46.655	60.37783333	6	10.9728	6511	8.32	8:27	1
27	20/06/2012	41080	1012	4639.3	6022.67	46.655	60.37783333	6	10.9728	6511	7.4	7:59	1
27	22/06/2012	41082	1012	4639.3	6022.67	46.655	60.37783333	6	10.9728	6511	10.15	8:25	1
27	23/06/2012	41083	1012	4639.3	6022.67	46.655	60.37783333	6	10.9728	6511	9.64	8:19	1
27	25/06/2012	41085	1012	4639.3	6022.67	46.655	60.37783333	6	10.9728	6511	8.65	8:40	2
27	26/06/2012	41086	1012	4639.3	6022.67	46.655	60.37783333	6	10.9728	6511	9.6	8:06	1
27	27/06/2012	41087	1012	4639.3	6022.67	46.655	60.37783333	6	10.9728	6511	8.55	8:19	1
27	28/06/2012	41088	1012	4639.3	6022.67	46.655	60.37783333	6	10.9728	6511	9.04		2
27	29/06/2012	41089	1012	4639.3	6022.67	46.655	60.37783333	6	10.9728	6511	4.84	8:18	1
27	30/06/2012	41090	1012	4639.3	6022.67	46.655	60.37783333	6	10.9728	6511	5.72	8:02	1
27	02/07/2012	41092	1012	4639.3	6022.67	46.655	60.37783333	6	10.9728	6511	13.79	8:28	2
27	03/07/2012	41093	1012	4639.3	6022.67	46.655	60.37783333	6	10.9728	6511	13.95	8:02	1
27	04/07/2012	41094	1012	4639.3	6022.67	46.655	60.37783333	6	10.9728	6511	14.55	8:18	1
27	05/07/2012	41095	1012	4639.3	6022.67	46.655	60.37783333	6	10.9728	6511	14.28	8:03	1
27	06/07/2012	41096	1012	4639.3	6022.67	46.655	60.37783333	6	10.9728	6511	13.84	8:53	1
27	07/07/2012	41097	1012	4639.3	6022.67	46.655	60.37783333	6	10.9728	6511	13.82	8:33	1
27	09/07/2012	41099	1012	4639.3	6022.67	46.655	60.37783333	6	10.9728	6511	13.62	8:33	2
27	10/07/2012	41100	1012	4639.3	6022.67	46.655	60.37783333	6	10.9728	6511	14.78	8:28	1
27	11/07/2012	41101	1012	4639.3	6022.67	46.655	60.37783333	6	10.9728	6511	15.41	9:33	1
27	16/05/2012	41045	1040	4550.46	6007.19	45.841	60.11983333	13	23.7744	6518	1.99	10:00	1
27	17/05/2012	41046	1040	4550.46	6007.19	45.841	60.11983333	13	23.7744	6518	1.94	7:30	1
27	18/05/2012	41047	1040	4550.46	6007.19	45.841	60.11983333	13	23.7744	6518	1.94	8:00	1
27	19/05/2012	41048	1040	4550.46	6007.19	45.841	60.11983333	13	23.7744	6518	1.89	9:45	1
27	21/05/2012	41050	1040	4550.46	6007.19	45.841	60.11983333	13	23.7744	6518	2.46	10:00	2
27	22/05/2012	41051	1040	4550.46	6007.19	45.841	60.11983333	13	23.7744	6518	2.52	8:00	1
27	23/05/2012	41052	1040	4550.46	6007.19	45.841	60.11983333	13	23.7744	6518	2.28	8:00	1
27	24/05/2012	41053	1040	4550.46	6007.19	45.841	60.11983333	13	23.7744	6518	2.63	10:45	1
27	25/05/2012	41054	1040	4550.46	6007.19	45.841	60.11983333	13	23.7744	6518	3.5	6:30	1
27	26/05/2012	41055	1040	4550.46	6007.19	45.841	60.11983333	13	23.7744	6518	3.49	6:30	1
27	27/05/2012	41056	1040	4550.46	6007.19	45.841	60.11983333	13	23.7744	6518	2.28	7:20	1
27	28/05/2012	41057	1040	4550.46	6007.19	45.841	60.11983333	13	23.7744	6518	3.55	8:00	1
27	29/05/2012	41058	1040	4550.46	6007.19	45.841	60.11983333	13	23.7744	6518	4.9	7:00	1
27	30/05/2012	41059	1040	4550.46	6007.19	45.841	60.11983333	13	23.7744	6518	6.29	8:00	1
27	31/05/2012	41060	1040	4550.46	6007.19	45.841	60.11983333	13	23.7744	6518	6.51	9:30	1
27	02/06/2012	41062	1040	4550.46	6007.19	45.841	60.11983333	13	23.7744	6518	6	7:00	2
27	03/06/2012	41063	1040	4550.46	6007.19	45.841	60.11983333	13	23.7744	6518	6.87	11:30	1
27	04/06/2012	41064	1040	4550.46	6007.19	45.841	60.11983333	13	23.7744	6518	6.88	8:30	1
27	07/06/2012	41067	1040	4550.46	6007.19	45.841	60.11983333	13	23.7744	6518	5.69	7:30	3
27	08/06/2012	41068	1040	4550.46	6007.19	45.841	60.11983333	13	23.7744	6518	5.35	8:00	1
27	09/06/2012	41069	1040	4550.46	6007.19	45.841	60.11983333	13	23.7744	6518	5.72	8:15	1
27	11/06/2012	41071	1040	4550.46	6007.19	45.841	60.11983333	13	23.7744	6518	6.3	6:45	2
27	12/06/2012	41072	1040	4550.46	6007.19	45.841	60.11983333	13	23.7744	6518	6.23	8:00	1
27	13/06/2012	41073	1040	4550.46	6007.19	45.841	60.11983333	13	23.7744	6518	6.3	7:00	1
27	14/06/2012	41074	1040	4550.46	6007.19	45.841	60.11983333	13	23.7744	6518	5.99	8:00	1
27	17/06/2012	41077	1040	4550.46	6007.19	45.841	60.11983333	13	23.7744	6518	7.08	6:30	3
27	18/06/2012	41078	1040	4550.46	6007.19	45.841	60.11983333	13	23.7744	6518	4.6	7:00	1
27	19/06/2012	41079	1040	4550.46	6007.19	45.841	60.11983333	13	23.7744	6518	4.32	8:00	1
27	20/06/2012	41080	1040	4550.46	6007.19	45.841	60.11983333	13	23.7744	6518	3.86	7:15	1
27	21/06/2012	41081	1040	4550.46	6007.19	45.841	60.11983333	13	23.7744	6518	3.77	6:30	1
27	22/06/2012	41082	1040	4550.46	6007.19	45.841	60.11983333	13	23.7744	6518	4.41	6:45	1
27	23/06/2012	41083	1040	4550.46	6007.19	45.841	60.11983333	13	23.7744	6518	4.73	7:30	1
27	25/06/2012	41085	1040	4550.46	6007.19	45.841	60.11983333	13	23.7744	6518	5.04	10:45	2
27	26/06/2012	41086	1040	4550.46	6007.19	45.841	60.11983333	13	23.7744	6518	4.84	11:00	1
27	28/06/2012	41088	1040	4550.46	6007.19	45.841	60.11983333	13	23.7744	6518	4.99	8:00	2
27	30/06/2012	41090	1040	4550.46	6007.19	45.841	60.11983333	13	23.7744	6518	3.62	11:00	2
27	02/07/2012	41092	1040	4550.46	6007.19	45.841	60.11983333	13	23.7744	6518	4.6	11:30	2
27	03/07/2012	41093	1040	4550.46	6007.19	45.841	60.11983333	13	23.7744	6518	4.84	7:00	1
27	04/07/2012	41094	1040	4550.46	6007.19	45.841	60.11983333	13	23.7744	6518	5.16	11:15	1
27	05/07/2012	41095	1040	4550.46	6007.19	45.841	60.11983333	13	23.7744	6518	6.3	11:30	1
27	06/07/2012	41096	1040	4550.46	6007.19	45.841	60.11983333	13	23.7744	6518	8.82	11:30	1
27	07/07/2012	41097	1040	4550.46	6007.19	45.841	60.11983333	13	23.7744	6518	9.66	9:00	1
27	08/07/2012	41098	1040	4550.46	6007.19	45.841	60.11983333	13	23.7744	6518	10.04	11:15	1
27	09/07/2012	41099	1040	4550.46	6007.19	45.841	60.11983333	13	23.7744	6518	10.01	6:30	1
27	10/07/2012	41100	1040	4550.46	6007.19	45.841	60.11983333	13	23.7744	6518	9.26	5:00	1
27	11/07/2012	41101	1040	4550.46	6007.19	45.841	60.11983333	13	23.7744	6518	11.15	6:00	1
27	12/07/2012	41102	1040	4550.46	6007.19	45.841	60.11983333	13	23.7744	6518	11.2	11:00	1
27	15/05/2012	41044	1054	4635.65	6022.152	46.59416667	60.3692	10	18.288	5681	3.09	7:00	1
27	16/05/2012	41045	1054	4635.65	6022.152	46.59416667	60.3692	10	18.288	5681	3.19	7:30	1
27	17/05/2012	41046	1054	4635.65	6022.152	46.59416667	60.3692	10	18.288	5681	2.48	7:00	1
27	18/05/2012	41047	1054	4635.65	6022.152	46.59416667	60.3692	10	18.288	5681	2.61	7:10	1
27	19/05/2012	41048	1054	4635.65	6022.152	46.59416667	60.3692	10	18.288	5681	3.71	7:20	1
27	21/05/2012	41050	1054	4635.65	6022.152	46.59416667	60.3692	10	18.288	5681	5.44	7:00	2
27	22/05/2012	41051	1054	4635.65	6022.152	46.59416667	60.3692	10	18.288	5681	4.84	7:20	1
27	23/05/2012	41052	1054	4635.65	6022.152	46.59416667	60.3692	10	18.288	5681	4.91	7:10	1
27	24/05/2012	41053	1054	4635.65	6022.152	46.59416667	60.3692	10	18.288	5681	6.59	7:20	1
27	25/05/2012	41054	1054	4635.65	6022.152	46.59416667	60.3692	10	18.288	5681	5.35	7:00	1
27	26/05/2012	41055	1054	4635.65	6022.152	46.59416667	60.3692	10	18.288	5681	3.31	7:20	1
27	28/05/2012	41057	1054	4635.65	6022.152	46.59416667	60.3692	10	18.288	5681	7.51	7:20	2
27	29/05/2012	41058	1054	4635.65	6022.152	46.59416667	60.3692	10	18.288	5681	7.43	7:10	1
27	30/05/2012	41059	1054	4635.65	6022.152	46.59416667	60.3692	10	18.288	5681	7.15	7:20	1
27	31/05/2012	41060	1054	4635.65	6022.152	46.59416667	60.3692	10	18.288	5681	6.95	7:00	1
27	01/06/2012	41061	1054	4635.65	6022.152	46.59416667	60.3692	10	18.288	5681	7.2	7:20	1
27	02/06/2012	41062	1054	4635.65	6022.152	46.59416667	60.3692	10	18.288	5681	8.42	7:20	1
27	04/06/2012	41064	1054	4635.65	6022.152	46.59416667	60.3692	10	18.288	5681	8.97	7:10	2
27	05/06/2012	41065	1054	4635.65	6022.152	46.59416667	60.3692	10	18.288	5681	9.11	7:00	1
27	07/06/2012	41067	1054	4635.65	6022.152	46.59416667	60.3692	10	18.288	5681	8.4	7:10	2
27	08/06/2012	41068	1054	4635.65	6022.152	46.59416667	60.3692	10	18.288	5681	8.81	7:00	1
27	09/06/2012	41069	1054	4635.65	6022.152	46.59416667	60.3692	10	18.288	5681	9.13	7:00	1
27	10/06/2012	41070	1054	4635.65	6022.152	46.59416667	60.3692	10	18.288	5681	14.74	7:00	1
27	11/06/2012	41071	1054	4635.65	6022.152	46.59416667	60.3692	10	18.288	5681	6.67	7:30	2
27	12/06/2012	41072	1054	4635.65	6022.152	46.59416667	60.3692	10	18.288	5681	5.33	7:00	1
27	13/06/2012	41073	1054	4635.65	6022.152	46.59416667	60.3692	10	18.288	5681	5.1	7:00	1
27	14/06/2012	41074	1054	4635.65	6022.152	46.59416667	60.3692	10	18.288	5681	6.76	7:20	1
27	15/06/2012	41075	1054	4635.65	6022.152	46.59416667	60.3692	10	18.288	5681	11.06	7:30	1
27	16/06/2012	41076	1054	4635.65	6022.152	46.59416667	60.3692	10	18.288	5681	10.76	6:45	1
27	18/06/2012	41078	1054	4635.65	6022.152	46.59416667	60.3692	10	18.288	5681	7.39	7:00	2
27	19/06/2012	41079	1054	4635.65	6022.152	46.59416667	60.3692	10	18.288	5681	8.07	7:00	1
27	20/06/2012	41080	1054	4635.65	6022.152	46.59416667	60.3692	10	18.288	5681	7.89	7:20	1
27	21/06/2012	41081	1054	4635.65	6022.152	46.59416667	60.3692	10	18.288	5681	9.07	7:10	1
27	22/06/2012	41082	1054	4635.65	6022.152	46.59416667	60.3692	10	18.288	5681	10.26	7:20	1
27	23/06/2012	41083	1054	4635.65	6022.152	46.59416667	60.3692	10	18.288	5681	9.64	7:00	1
27	25/06/2012	41085	1054	4635.65	6022.152	46.59416667	60.3692	10	18.288	5681	8.2	7:00	2
27	26/06/2012	41086	1054	4635.65	6022.152	46.59416667	60.3692	10	18.288	5681	8.38	7:20	1
27	28/06/2012	41088	1054	4635.65	6022.152	46.59416667	60.3692	10	18.288	5681	8.95	7:00	2
27	29/06/2012	41089	1054	4635.65	6022.152	46.59416667	60.3692	10	18.288	5681	6.05	7:30	1
27	30/06/2012	41090	1054	4635.65	6022.152	46.59416667	60.3692	10	18.288	5681	5.59	7:00	1
27	02/07/2012	41092	1054	4635.65	6022.152	46.59416667	60.3692	10	18.288	5681	13.44	7:00	2
27	04/07/2012	41094	1054	4635.65	6022.152	46.59416667	60.3692	10	18.288	5681	14.96	7:00	1
27	05/07/2012	41095	1054	4635.65	6022.152	46.59416667	60.3692	10	18.288	5681	14.37	7:10	1
27	06/07/2012	41096	1054	4635.65	6022.152	46.59416667	60.3692	10	18.288	5681	14.69	7:00	1
27	07/07/2012	41097	1054	4635.65	6022.152	46.59416667	60.3692	10	18.288	5681	15.5	7:10	1
27	09/07/2012	41099	1054	4635.65	6022.152	46.59416667	60.3692	10	18.288	5681	13.75	7:20	2
27	11/07/2012	41101	1054	4635.65	6022.152	46.59416667	60.3692	10	18.288	5681	15.34	7:40	1
27	14/05/2012	41043	1056	4618.88	6029.94	46.31466667	60.499	6	10.9728	4635	3.36	8:25	2
27	15/05/2012	41044	1056	4618.88	6029.94	46.31466667	60.499	6	10.9728	4635	2.74	8:20	1
27	16/05/2012	41045	1056	4618.88	6029.94	46.31466667	60.499	6	10.9728	4635	2.8	8:40	1
27	18/05/2012	41047	1056	4618.88	6029.94	46.31466667	60.499	6	10.9728	4635	4.45	8:55	2
27	19/05/2012	41048	1056	4618.88	6029.94	46.31466667	60.499	6	10.9728	4635	4.35	8:30	1
27	21/05/2012	41050	1056	4618.88	6029.94	46.31466667	60.499	6	10.9728	4635	5.95	8:50	2
27	22/05/2012	41051	1056	4618.88	6029.94	46.31466667	60.499	6	10.9728	4635	5.97	8:30	1
27	23/05/2012	41052	1056	4618.88	6029.94	46.31466667	60.499	6	10.9728	4635	5.49	9:15	1
27	24/05/2012	41053	1056	4618.88	6029.94	46.31466667	60.499	6	10.9728	4635	5.95	8:40	1
27	25/05/2012	41054	1056	4618.88	6029.94	46.31466667	60.499	6	10.9728	4635	7.34	9:00	1
27	26/05/2012	41055	1056	4618.88	6029.94	46.31466667	60.499	6	10.9728	4635	6.75	9:00	1
27	28/05/2012	41057	1056	4618.88	6029.94	46.31466667	60.499	6	10.9728	4635	7.62	8:55	2
27	30/05/2012	41059	1056	4618.88	6029.94	46.31466667	60.499	6	10.9728	4635	7.98	8:45	2
27	31/05/2012	41060	1056	4618.88	6029.94	46.31466667	60.499	6	10.9728	4635	7.66	9:30	1
27	01/06/2012	41061	1056	4618.88	6029.94	46.31466667	60.499	6	10.9728	4635	8.09	8:50	1
27	02/06/2012	41062	1056	4618.88	6029.94	46.31466667	60.499	6	10.9728	4635	7.27		1
27	07/06/2012	41067	1056	4618.88	6029.94	46.31466667	60.499	6	10.9728	4635	9.82	9:40	5
27	09/06/2012	41069	1056	4618.88	6029.94	46.31466667	60.499	6	10.9728	4635	8.64	12:25	2
27	11/06/2012	41071	1056	4618.88	6029.94	46.31466667	60.499	6	10.9728	4635	8.5	9:20	2
27	12/06/2012	41072	1056	4618.88	6029.94	46.31466667	60.499	6	10.9728	4635	6.06	9:15	1
27	13/06/2012	41073	1056	4618.88	6029.94	46.31466667	60.499	6	10.9728	4635	5.4	9:30	1
27	14/06/2012	41074	1056	4618.88	6029.94	46.31466667	60.499	6	10.9728	4635	4.76	9:30	1
27	16/06/2012	41076	1056	4618.88	6029.94	46.31466667	60.499	6	10.9728	4635	11.94	9:15	2
27	18/06/2012	41078	1056	4618.88	6029.94	46.31466667	60.499	6	10.9728	4635	8.76	9:30	2
27	19/06/2012	41079	1056	4618.88	6029.94	46.31466667	60.499	6	10.9728	4635	7.74	9:30	1
27	20/06/2012	41080	1056	4618.88	6029.94	46.31466667	60.499	6	10.9728	4635	6.24	9:20	1
27	22/06/2012	41082	1056	4618.88	6029.94	46.31466667	60.499	6	10.9728	4635	8.17	8:45	2
27	23/06/2012	41083	1056	4618.88	6029.94	46.31466667	60.499	6	10.9728	4635	8.78	8:55	1
27	25/06/2012	41085	1056	4618.88	6029.94	46.31466667	60.499	6	10.9728	4635	10.37	9:00	2
27	28/06/2012	41088	1056	4618.88	6029.94	46.31466667	60.499	6	10.9728	4635	8.94		3
27	30/06/2012	41090	1056	4618.88	6029.94	46.31466667	60.499	6	10.9728	4635	6.73	9:10	2
27	02/07/2012	41092	1056	4618.88	6029.94	46.31466667	60.499	6	10.9728	4635	8.14	9:20	2
27	04/07/2012	41094	1056	4618.88	6029.94	46.31466667	60.499	6	10.9728	4635	13.98	9:30	2
27	05/07/2012	41095	1056	4618.88	6029.94	46.31466667	60.499	6	10.9728	4635	14.23	8:00	1
27	07/07/2012	41097	1056	4618.88	6029.94	46.31466667	60.499	6	10.9728	4635	16.11	9:35	2
27	09/07/2012	41099	1056	4618.88	6029.94	46.31466667	60.499	6	10.9728	4635	14.99	9:35	2
27	10/07/2012	41100	1056	4618.88	6029.94	46.31466667	60.499	6	10.9728	4635	13.98	9:25	1
27	14/05/2012	41043	1074	4611.07	5948.62	46.1845	59.81033333	10.5	19.2024	4240	3.19		2
27	15/05/2012	41044	1074	4611.07	5948.62	46.1845	59.81033333	10.5	19.2024	4240	2.97		1
27	16/05/2012	41045	1074	4611.07	5948.62	46.1845	59.81033333	10	18.288	4240	2.65		1
27	17/05/2012	41046	1074	4611.07	5948.62	46.1845	59.81033333	10	18.288	4240	2.33		1
27	18/05/2012	41047	1074	4611.07	5948.62	46.1845	59.81033333	10.5	19.2024	4240	2.73		1
27	19/05/2012	41048	1074	4611.07	5948.62	46.1845	59.81033333	10.5	19.2024	4240	3		1
27	21/05/2012	41050	1074	4611.07	5948.62	46.1845	59.81033333	10.5	19.2024	4240	2.8		2
27	22/05/2012	41051	1074	4611.07	5948.62	46.1845	59.81033333	10.5	19.2024	4240	4.06		1
27	23/05/2012	41052	1074	4611.07	5948.62	46.1845	59.81033333	10	18.288	4240	4.59		1
27	24/05/2012	41053	1074	4611.07	5948.62	46.1845	59.81033333	10.5	19.2024	4240	5.55		1
27	25/05/2012	41054	1074	4611.07	5948.62	46.1845	59.81033333	10.5	19.2024	4240	3.26		1
27	26/05/2012	41055	1074	4611.07	5948.62	46.1845	59.81033333	10.5	19.2024	4240	5.14		1
27	28/05/2012	41057	1074	4611.07	5948.62	46.1845	59.81033333	8.5	15.5448	4240	6.03		2
27	29/05/2012	41058	1074	4611.07	5948.62	46.1845	59.81033333	8.5	15.5448	4240	7.42		1
27	30/05/2012	41059	1074	4611.07	5948.62	46.1845	59.81033333	8.5	15.5448	4240	7.38		1
27	31/05/2012	41060	1074	4611.07	5948.62	46.1845	59.81033333	8.5	15.5448	4240	6.66		1
27	01/06/2012	41061	1074	4611.07	5948.62	46.1845	59.81033333	8.5	15.5448	4240	7.39		1
27	02/06/2012	41062	1074	4611.07	5948.62	46.1845	59.81033333	8.5	15.5448	4240	8.42		1
27	04/06/2012	41064	1074	4611.07	5948.62	46.1845	59.81033333	9.2	16.82496	4240	8.12		2
27	07/06/2012	41067	1074	4611.07	5948.62	46.1845	59.81033333	9.2	16.82496	4240	8.34		3
27	08/06/2012	41068	1074	4611.07	5948.62	46.1845	59.81033333	9.2	16.82496	4240	8.29		1
27	09/06/2012	41069	1074	4611.07	5948.62	46.1845	59.81033333	9.2	16.82496	4240	7.93		1
27	11/06/2012	41071	1074	4611.07	5948.62	46.1845	59.81033333	9.3	17.00784	4240	7.34		2
27	12/06/2012	41072	1074	4611.07	5948.62	46.1845	59.81033333	9.3	17.00784	4240	7.28		1
27	13/06/2012	41073	1074	4611.07	5948.62	46.1845	59.81033333	9.3	17.00784	4240	6.99		1
27	14/06/2012	41074	1074	4611.07	5948.62	46.1845	59.81033333	9.3	17.00784	4240	7.55		1
27	15/06/2012	41075	1074	4611.07	5948.62	46.1845	59.81033333	9.3	17.00784	4240	8.14		1
27	16/06/2012	41076	1074	4611.07	5948.62	46.1845	59.81033333	9.3	17.00784	4240	7.21		1
27	18/06/2012	41078	1074	4611.07	5948.62	46.1845	59.81033333	9.3	17.00784	4240	7.78		2
27	19/06/2012	41079	1074	4611.07	5948.62	46.1845	59.81033333	9.3	17.00784	4240	7.72		1
27	20/06/2012	41080	1074	4611.07	5948.62	46.1845	59.81033333	9.3	17.00784	4240	7.68		1
27	21/06/2012	41081	1074	4611.07	5948.62	46.1845	59.81033333	9.3	17.00784	4240	8.87		1
27	22/06/2012	41082	1074	4611.07	5948.62	46.1845	59.81033333	9.3	17.00784	4240	8.42		1
27	23/06/2012	41083	1074	4611.07	5948.62	46.1845	59.81033333	9.3	17.00784	4240	7.71		1
27	25/06/2012	41085	1074	4611.07	5948.62	46.1845	59.81033333	9.3	17.00784	4240	8.18		2
27	26/06/2012	41086	1074	4611.07	5948.62	46.1845	59.81033333	9.3	17.00784	4240	8.01		1
27	28/06/2012	41088	1074	4611.07	5948.62	46.1845	59.81033333	9.3	17.00784	4240	6.12		2
27	30/06/2012	41090	1074	4611.07	5948.62	46.1845	59.81033333	9.3	17.00784	4240	7.91		2
27	02/07/2012	41092	1074	4611.07	5948.62	46.1845	59.81033333	6.6	12.07008	4240	10.49		2
27	03/07/2012	41093	1074	4611.07	5948.62	46.1845	59.81033333	6.6	12.07008	4240	11.38		1
27	04/07/2012	41094	1074	4611.07	5948.62	46.1845	59.81033333	6.6	12.07008	4240	12.08		1
27	05/07/2012	41095	1074	4611.07	5948.62	46.1845	59.81033333	6.6	12.07008	4240	12.72		1
27	06/07/2012	41096	1074	4611.07	5948.62	46.1845	59.81033333	6.6	12.07008	4240	12.9		1
27	07/07/2012	41097	1074	4611.07	5948.62	46.1845	59.81033333	6.6	12.07008	4240	14.65		1
27	09/07/2012	41099	1074	4611.07	5948.62	46.1845	59.81033333	5.5	10.0584	4240	15.74		2
27	10/07/2012	41100	1074	4611.07	5948.62	46.1845	59.81033333	5.5	10.0584	4240	16.79		1
27	11/07/2012	41101	1074	4611.07	5948.62	46.1845	59.81033333	5.5	10.0584	4240	16.77		1
27	12/07/2012	41102	1074	4611.07	5948.62	46.1845	59.81033333	5.5	10.0584	4240	17.05		1
27	14/05/2012	41043	1102	4641.585	6020.713	46.69308333	60.34521667	8	14.6304	4622	3.97		2
27	15/05/2012	41044	1102	4641.585	6020.713	46.69308333	60.34521667	8	14.6304	4622	3.56	7:00	1
27	16/05/2012	41045	1102	4641.585	6020.713	46.69308333	60.34521667	8	14.6304	4622	4.12		1
27	17/05/2012	41046	1102	4641.585	6020.713	46.69308333	60.34521667	8	14.6304	4622	2.83	6:00	1
27	19/05/2012	41048	1102	4641.585	6020.713	46.69308333	60.34521667	8	14.6304	4622	4.28	7:00	2
27	21/05/2012	41050	1102	4641.585	6020.713	46.69308333	60.34521667	8	14.6304	4622	5.69		2
27	22/05/2012	41051	1102	4641.585	6020.713	46.69308333	60.34521667	8	14.6304	4622	5.05		1
27	23/05/2012	41052	1102	4641.585	6020.713	46.69308333	60.34521667	8	14.6304	4622	4.4	6:30	1
27	24/05/2012	41053	1102	4641.585	6020.713	46.69308333	60.34521667	8	14.6304	4622	6.13		1
27	25/05/2012	41054	1102	4641.585	6020.713	46.69308333	60.34521667	8	14.6304	4622	4.57	5:00	1
27	26/05/2012	41055	1102	4641.585	6020.713	46.69308333	60.34521667	8	14.6304	4622	3.09		1
27	28/05/2012	41057	1102	4641.585	6020.713	46.69308333	60.34521667	8	14.6304	4622	6.66	6:30	2
27	29/05/2012	41058	1102	4641.585	6020.713	46.69308333	60.34521667	8	14.6304	4622	7.6	5:30	1
27	30/05/2012	41059	1102	4641.585	6020.713	46.69308333	60.34521667	8	14.6304	4622	7.71	5:30	1
27	31/05/2012	41060	1102	4641.585	6020.713	46.69308333	60.34521667	8	14.6304	4622	7.68	6:00	1
27	01/06/2012	41061	1102	4641.585	6020.713	46.69308333	60.34521667	8	14.6304	4622	7.53	5:30	1
27	02/06/2012	41062	1102	4641.585	6020.713	46.69308333	60.34521667	8	14.6304	4622	8.07	5:30	1
27	04/06/2012	41064	1102	4641.585	6020.713	46.69308333	60.34521667	8	14.6304	4622	8.86	5:30	2
27	05/06/2012	41065	1102	4641.585	6020.713	46.69308333	60.34521667	8	14.6304	4622	8.73	5:30	1
27	07/06/2012	41067	1102	4641.585	6020.713	46.69308333	60.34521667	8	14.6304	4622	7.87	11:30	2
27	08/06/2012	41068	1102	4641.585	6020.713	46.69308333	60.34521667	8	14.6304	4622	5.99	5:30	1
27	09/06/2012	41069	1102	4641.585	6020.713	46.69308333	60.34521667	8	14.6304	4622	4.19	5:30	1
27	11/06/2012	41071	1102	4641.585	6020.713	46.69308333	60.34521667	8	14.6304	4622	4.46	5:30	2
27	12/06/2012	41072	1102	4641.585	6020.713	46.69308333	60.34521667	8	14.6304	4622	4.44	5:30	1
27	14/06/2012	41074	1102	4641.585	6020.713	46.69308333	60.34521667	8	14.6304	4622	5.02	5:30	2
27	15/06/2012	41075	1102	4641.585	6020.713	46.69308333	60.34521667	8	14.6304	4622	6.15	5:30	1
27	16/06/2012	41076	1102	4641.585	6020.713	46.69308333	60.34521667	8	14.6304	4622	6.81	9:30	1
27	18/06/2012	41078	1102	4641.585	6020.713	46.69308333	60.34521667	8	14.6304	4622	7.94	5:30	2
27	20/06/2012	41080	1102	4641.585	6020.713	46.69308333	60.34521667	8	14.6304	4622	6.17	5:30	2
27	21/06/2012	41081	1102	4641.585	6020.713	46.69308333	60.34521667	8	14.6304	4622	8.42	5:30	1
27	22/06/2012	41082	1102	4641.585	6020.713	46.69308333	60.34521667	8	14.6304	4622	9.17	5:30	1
27	23/06/2012	41083	1102	4641.585	6020.713	46.69308333	60.34521667	8	14.6304	4622	9.36	5:30	1
27	25/06/2012	41085	1102	4641.585	6020.713	46.69308333	60.34521667	8	14.6304	4622	7.99	5:30	2
27	28/06/2012	41088	1102	4641.585	6020.713	46.69308333	60.34521667	8	14.6304	4622	9.28	5:30	3
27	30/06/2012	41090	1102	4641.585	6020.713	46.69308333	60.34521667	8	14.6304	4622	6.02	5:00	2
27	02/07/2012	41092	1102	4641.585	6020.713	46.69308333	60.34521667	8	14.6304	4622	13.06	6:30	2
27	03/07/2012	41093	1102	4641.585	6020.713	46.69308333	60.34521667	8	14.6304	4622	14.52	5:00	1
27	04/07/2012	41094	1102	4641.585	6020.713	46.69308333	60.34521667	8	14.6304	4622	14.97	5:30	1
27	05/07/2012	41095	1102	4641.585	6020.713	46.69308333	60.34521667	8	14.6304	4622	14.99	5:30	1
27	06/07/2012	41096	1102	4641.585	6020.713	46.69308333	60.34521667	8	14.6304	4622	14.73	5:30	1
27	07/07/2012	41097	1102	4641.585	6020.713	46.69308333	60.34521667	8	14.6304	4622	13.84	5:00	1
27	09/07/2012	41099	1102	4641.585	6020.713	46.69308333	60.34521667	8	14.6304	4622	14.26	11:00	2
27	14/05/2012	41043	1112	4614.39	6001.45	46.23983333	60.02416667	7	12.8016	4248	4.17	7:30	2
27	15/05/2012	41044	1112	4614.39	6001.45	46.23983333	60.02416667	7	12.8016	4248	5.86	8:00	1
27	16/05/2012	41045	1112	4614.39	6001.45	46.23983333	60.02416667	7	12.8016	4248	6.2	13:25	1
27	17/05/2012	41046	1112	4614.39	6001.45	46.23983333	60.02416667	7	12.8016	4248	5.65	10:45	1
27	18/05/2012	41047	1112	4614.39	6001.45	46.23983333	60.02416667	7	12.8016	4248	8.08	9:00	1
27	20/05/2012	41049	1112	4614.39	6001.45	46.23983333	60.02416667	7	12.8016	4248	5.11	8:30	2
27	21/05/2012	41050	1112	4614.39	6001.45	46.23983333	60.02416667	7	12.8016	4248	5.39	10:30	1
27	23/05/2012	41052	1112	4614.39	6001.45	46.23983333	60.02416667	7	12.8016	4248	5.9	5:00	2
27	25/05/2012	41054	1112	4614.39	6001.45	46.23983333	60.02416667	7	12.8016	4248	603	10:30	2
27	26/05/2012	41055	1112	4614.39	6001.45	46.23983333	60.02416667	7	12.8016	4248	7.43	11:00	1
27	28/05/2012	41057	1112	4614.39	6001.45	46.23983333	60.02416667	7	12.8016	4248	6.64	7:18	2
27	29/05/2012	41058	1112	4614.39	6001.45	46.23983333	60.02416667	7	12.8016	4248	7.42	7:00	1
27	30/05/2012	41059	1112	4614.39	6001.45	46.23983333	60.02416667	7	12.8016	4248	8.29	6:30	1
27	31/05/2012	41060	1112	4614.39	6001.45	46.23983333	60.02416667	7	12.8016	4248	6.61	10:30	1
27	01/06/2012	41061	1112	4614.39	6001.45	46.23983333	60.02416667	7	12.8016	4248	6.9	5:30	1
27	02/06/2012	41062	1112	4614.39	6001.45	46.23983333	60.02416667	7	12.8016	4248	8.68	6:00	1
27	09/06/2012	41069	1112	4614.39	6001.45	46.23983333	60.02416667	7	12.8016	4248	9.66	12:00	7
27	11/06/2012	41071	1112	4614.39	6001.45	46.23983333	60.02416667	7	12.8016	4248	9.53	10:30	2
27	12/06/2012	41072	1112	4614.39	6001.45	46.23983333	60.02416667	7	12.8016	4248	9.71	13:10	1
27	13/06/2012	41073	1112	4614.39	6001.45	46.23983333	60.02416667	7	12.8016	4248	8.95	6:30	1
27	15/06/2012	41075	1112	4614.39	6001.45	46.23983333	60.02416667	7	12.8016	4248	9.14	10:00	2
27	16/06/2012	41076	1112	4614.39	6001.45	46.23983333	60.02416667	7	12.8016	4248	9.02	6:40	1
27	18/06/2012	41078	1112	4614.39	6001.45	46.23983333	60.02416667	7	12.8016	4248	9.8	13:30	2
27	19/06/2012	41079	1112	4614.39	6001.45	46.23983333	60.02416667	7	12.8016	4248	9.7	11:45	1
27	20/06/2012	41080	1112	4614.39	6001.45	46.23983333	60.02416667	7	12.8016	4248	10.97	10:40	1
27	21/06/2012	41081	1112	4614.39	6001.45	46.23983333	60.02416667	7	12.8016	4248	11.08	6:30	1
27	22/06/2012	41082	1112	4614.39	6001.45	46.23983333	60.02416667	7	12.8016	4248	9.84	7:00	1
27	23/06/2012	41083	1112	4614.39	6001.45	46.23983333	60.02416667	7	12.8016	4248	10.84	6:00	1
27	24/06/2012	41084	1112	4614.39	6001.45	46.23983333	60.02416667	7	12.8016	4248	10.09	6:30	1
27	25/06/2012	41085	1112	4614.39	6001.45	46.23983333	60.02416667	7	12.8016	4248	10.3	7:30	1
27	26/06/2012	41086	1112	4614.39	6001.45	46.23983333	60.02416667	7	12.8016	4248	8.55		1
27	27/06/2012	41087	1112	4614.39	6001.45	46.23983333	60.02416667	7	12.8016	4248	5.64		1
27	28/06/2012	41088	1112	4614.39	6001.45	46.23983333	60.02416667	7	12.8016	4248	7.51	8:40	1
27	14/05/2012	41043	1121	4604.44	5950.25	46.074	59.8375	12	21.9456	4236	2.91	6:30	1
27	15/05/2012	41044	1121	4604.44	5950.25	46.074	59.8375	12	21.9456	4236	2.71	6:35	1
27	16/05/2012	41045	1121	4604.44	5950.25	46.074	59.8375	12	21.9456	4236	2.82	6:25	1
27	17/05/2012	41046	1121	4604.44	5950.25	46.074	59.8375	12	21.9456	4236	2.65	6:45	1
27	18/05/2012	41047	1121	4604.44	5950.25	46.074	59.8375	12	21.9456	4236	2.56	6:35	1
27	21/05/2012	41050	1121	4604.44	5950.25	46.074	59.8375	12	21.9456	4236	3.18	6:25	3
27	22/05/2012	41051	1121	4604.44	5950.25	46.074	59.8375	12	21.9456	4236	2.93	6:30	1
27	23/05/2012	41052	1121	4604.44	5950.25	46.074	59.8375	12	21.9456	4236	3.15	6:50	1
27	24/05/2012	41053	1121	4604.44	5950.25	46.074	59.8375	12	21.9456	4236	5.74	6:44	1
27	25/05/2012	41054	1121	4604.44	5950.25	46.074	59.8375	12	21.9456	4236	3.76	6:35	1
27	26/05/2012	41055	1121	4604.44	5950.25	46.074	59.8375	12	21.9456	4236	3.31	6:40	1
27	28/05/2012	41057	1121	4604.44	5950.25	46.074	59.8375	12	21.9456	4236	5.65	6:30	2
27	29/05/2012	41058	1121	4604.44	5950.25	46.074	59.8375	12	21.9456	4236	6.33	6:20	1
27	30/05/2012	41059	1121	4604.44	5950.25	46.074	59.8375	12	21.9456	4236	7.17	5:45	1
27	31/05/2012	41060	1121	4604.44	5950.25	46.074	59.8375	12	21.9456	4236	5.85	5:50	1
27	01/06/2012	41061	1121	4604.44	5950.25	46.074	59.8375	12	21.9456	4236	5.47	5:55	1
27	02/06/2012	41062	1121	4604.44	5950.25	46.074	59.8375	12	21.9456	4236	6.73	5:50	1
27	04/06/2012	41064	1121	4604.44	5950.25	46.074	59.8375	12	21.9456	4236	7.52	5:40	2
27	07/06/2012	41067	1121	4604.44	5950.25	46.074	59.8375	12	21.9456	4236	7.44	5:50	3
27	08/06/2012	41068	1121	4604.44	5950.25	46.074	59.8375	12	21.9456	4236	7.08	5:40	1
27	09/06/2012	41069	1121	4604.44	5950.25	46.074	59.8375	12	21.9456	4236	7.29	5:40	1
27	11/06/2012	41071	1121	4604.44	5950.25	46.074	59.8375	12	21.9456	4236	7.07	5:05	2
27	12/06/2012	41072	1121	4604.44	5950.25	46.074	59.8375	12	21.9456	4236	6.52	5:45	1
27	13/06/2012	41073	1121	4604.44	5950.25	46.074	59.8375	12	21.9456	4236	6.26	5:45	1
27	14/06/2012	41074	1121	4604.44	5950.25	46.074	59.8375	12	21.9456	4236	5.93	5:45	1
27	15/06/2012	41075	1121	4604.44	5950.25	46.074	59.8375	12	21.9456	4236	6.36	5:45	1
27	16/06/2012	41076	1121	4604.44	5950.25	46.074	59.8375	12	21.9456	4236	6.99	5:55	1
27	18/06/2012	41078	1121	4604.44	5950.25	46.074	59.8375	12	21.9456	4236	5.73	5:55	2
27	19/06/2012	41079	1121	4604.44	5950.25	46.074	59.8375	12	21.9456	4236	5.64	6:00	1
27	20/06/2012	41080	1121	4604.44	5950.25	46.074	59.8375	12	21.9456	4236	5.58	5:45	1
27	21/06/2012	41081	1121	4604.44	5950.25	46.074	59.8375	12	21.9456	4236	6.27	6:40	1
27	22/06/2012	41082	1121	4604.44	5950.25	46.074	59.8375	12	21.9456	4236	6.65	6:05	1
27	23/06/2012	41083	1121	4604.44	5950.25	46.074	59.8375	12	21.9456	4236	6.29	6:25	1
27	25/06/2012	41085	1121	4604.44	5950.25	46.074	59.8375	12	21.9456	4236	6.67	5:35	2
27	26/06/2012	41086	1121	4604.44	5950.25	46.074	59.8375	12	21.9456	4236	7.28	7:25	1
27	28/06/2012	41088	1121	4604.44	5950.25	46.074	59.8375	12	21.9456	4236	6.07	11:30	2
27	29/06/2012	41089	1121	4604.44	5950.25	46.074	59.8375	12	21.9456	4236	5.53	6:15	1
27	30/06/2012	41090	1121	4604.44	5950.25	46.074	59.8375	12	21.9456	4236	5.09	10:50	1
27	02/07/2012	41092	1121	4604.44	5950.25	46.074	59.8375	12	21.9456	4236	6.59	5:35	2
27	03/07/2012	41093	1121	4604.44	5950.25	46.074	59.8375	12	21.9456	4236	8.06	6:15	1
27	04/07/2012	41094	1121	4604.44	5950.25	46.074	59.8375	12	21.9456	4236	8.3	11:05	1
27	05/07/2012	41095	1121	4604.44	5950.25	46.074	59.8375	12	21.9456	4236	8.92	6:15	1
27	07/07/2012	41097	1121	4604.44	5950.25	46.074	59.8375	12	21.9456	4236	12.35	5:40	2
27	09/07/2012	41099	1121	4604.44	5950.25	46.074	59.8375	12	21.9456	4236	12.44	5:30	2
27	10/07/2012	41100	1121	4604.44	5950.25	46.074	59.8375	12	21.9456	4236	13.47	5:40	1
27	11/07/2012	41101	1121	4604.44	5950.25	46.074	59.8375	12	21.9456	4236	14.7	5:35	1
27	12/07/2012	41102	1121	4604.44	5950.25	46.074	59.8375	12	21.9456	4236	14.91	11:11	1
27	31/05/2012	41060	1122	4701.64	6031.44	47.02733333	60.524	11	20.1168	4230	4.86	11:15	1
27	01/06/2012	41061	1122	4701.64	6031.44	47.02733333	60.524	11	20.1168	4230	3.73	11:30	1
27	02/06/2012	41062	1122	4701.64	6031.44	47.02733333	60.524	11	20.1168	4230	4.95	11:17	1
27	04/06/2012	41064	1122	4701.64	6031.44	47.02733333	60.524	11	20.1168	4230	3.48	11:20	2
27	08/06/2012	41068	1122	4701.64	6031.44	47.02733333	60.524	11	20.1168	4230	3.47	11:27	4
27	09/06/2012	41069	1122	4701.64	6031.44	47.02733333	60.524	11	20.1168	4230	3.91	11:35	1
27	11/06/2012	41071	1122	4701.64	6031.44	47.02733333	60.524	11	20.1168	4230	3.54	10:30	2
27	12/06/2012	41072	1122	4701.64	6031.44	47.02733333	60.524	11	20.1168	4230	3.87	11:01	1
27	13/06/2012	41073	1122	4701.64	6031.44	47.02733333	60.524	11	20.1168	4230	4.42	10:47	1
27	14/06/2012	41074	1122	4701.64	6031.44	47.02733333	60.524	11	20.1168	4230	4.41	10:38	1
27	15/06/2012	41075	1122	4701.64	6031.44	47.02733333	60.524	11	20.1168	4230	3.22	11:00	1
27	16/06/2012	41076	1122	4701.64	6031.44	47.02733333	60.524	11	20.1168	4230	3.95	11:30	1
27	18/06/2012	41078	1122	4701.64	6031.44	47.02733333	60.524	11	20.1168	4230	3.79	11:47	2
27	19/06/2012	41079	1122	4701.64	6031.44	47.02733333	60.524	11	20.1168	4230	7.16	10:32	1
27	20/06/2012	41080	1122	4701.64	6031.44	47.02733333	60.524	11	20.1168	4230	10.11	11:11	1
27	21/06/2012	41081	1122	4701.64	6031.44	47.02733333	60.524	11	20.1168	4230	10.79	11:35	1
27	22/06/2012	41082	1122	4701.64	6031.44	47.02733333	60.524	11	20.1168	4230	10.56	11:10	1
27	23/06/2012	41083	1122	4701.64	6031.44	47.02733333	60.524	11	20.1168	4230	11.74	11:30	1
27	25/06/2012	41085	1122	4701.64	6031.44	47.02733333	60.524	11	20.1168	4230	10.08	11:05	2
27	26/06/2012	41086	1122	4701.64	6031.44	47.02733333	60.524	11	20.1168	4230	11.41	10:40	1
27	27/06/2012	41087	1122	4701.64	6031.44	47.02733333	60.524	11	20.1168	4230	7.1	6:28	1
27	28/06/2012	41088	1122	4701.64	6031.44	47.02733333	60.524	11	20.1168	4230	11.14	10:41	1
27	29/06/2012	41089	1122	4701.64	6031.44	47.02733333	60.524	11	20.1168	4230	10.37	10:27	1
27	30/06/2012	41090	1122	4701.64	6031.44	47.02733333	60.524	11	20.1168	4230	13.03	11:15	1
27	01/07/2012	41091	1122	4701.64	6031.44	47.02733333	60.524	11	20.1168	4230	14.23	10:29	1
27	02/07/2012	41092	1122	4701.64	6031.44	47.02733333	60.524	11	20.1168	4230	14.39	10:20	1
27	03/07/2012	41093	1122	4701.64	6031.44	47.02733333	60.524	11	20.1168	4230	14.1	11:34	1
27	04/07/2012	41094	1122	4701.64	6031.44	47.02733333	60.524	11	20.1168	4230	13.78	10:40	1
27	05/07/2012	41095	1122	4701.64	6031.44	47.02733333	60.524	11	20.1168	4230	14.59	6:00	1
27	06/07/2012	41096	1122	4701.64	6031.44	47.02733333	60.524	11	20.1168	4230	10.67	6:12	1
27	08/07/2012	41098	1122	4701.64	6031.44	47.02733333	60.524	11	20.1168	4230	13.89	17:15	2
27	14/05/2012	41043	1218	4601.752	5951.069	46.0292	59.85115	8	14.6304	5700	2.97	16:30	2
27	15/05/2012	41044	1218	4601.752	5951.069	46.0292	59.85115	8	14.6304	5700	3.07	13:30	1
27	16/05/2012	41045	1218	4601.752	5951.069	46.0292	59.85115	8	14.6304	5700	2.88	14:30	1
27	17/05/2012	41046	1218	4601.752	5951.069	46.0292	59.85115	8	14.6304	5700	2.7	12:00	1
27	18/05/2012	41047	1218	4601.752	5951.069	46.0292	59.85115	8	14.6304	5700	2.52	14:00	1
27	19/05/2012	41048	1218	4601.752	5951.069	46.0292	59.85115	8	14.6304	5700	2.75	14:00	1
27	21/05/2012	41050	1218	4601.752	5951.069	46.0292	59.85115	8	14.6304	5700	3.68	15:30	2
27	22/05/2012	41051	1218	4601.752	5951.069	46.0292	59.85115	8	14.6304	5700	3.08	14:00	1
27	24/05/2012	41053	1218	4601.752	5951.069	46.0292	59.85115	8	14.6304	5700	4.42	15:15	2
27	25/05/2012	41054	1218	4601.752	5951.069	46.0292	59.85115	8	14.6304	5700	4.81	13:00	1
27	26/05/2012	41055	1218	4601.752	5951.069	46.0292	59.85115	8	14.6304	5700	3.68	15:00	1
27	28/05/2012	41057	1218	4601.752	5951.069	46.0292	59.85115	8	14.6304	5700	4.99	14:30	2
27	29/05/2012	41058	1218	4601.752	5951.069	46.0292	59.85115	8	14.6304	5700	6.36	13:00	1
27	30/05/2012	41059	1218	4601.752	5951.069	46.0292	59.85115	8	14.6304	5700	6.84	15:00	1
27	01/06/2012	41061	1218	4601.752	5951.069	46.0292	59.85115	8	14.6304	5700	6.49	15:30	2
27	02/06/2012	41062	1218	4601.752	5951.069	46.0292	59.85115	8	14.6304	5700	7.22	15:00	1
27	04/06/2012	41064	1218	4601.752	5951.069	46.0292	59.85115	8	14.6304	5700	6.97	14:30	2
27	07/06/2012	41067	1218	4601.752	5951.069	46.0292	59.85115	8	14.6304	5700	7.23	15:30	3
27	08/06/2012	41068	1218	4601.752	5951.069	46.0292	59.85115	8	14.6304	5700	7.22	12:00	1
27	09/06/2012	41069	1218	4601.752	5951.069	46.0292	59.85115	8	14.6304	5700	7.21	15:00	1
27	11/06/2012	41071	1218	4601.752	5951.069	46.0292	59.85115	8	14.6304	5700	7.59	14:30	2
27	12/06/2012	41072	1218	4601.752	5951.069	46.0292	59.85115	8	14.6304	5700	7.57	11:00	1
27	13/06/2012	41073	1218	4601.752	5951.069	46.0292	59.85115	8	14.6304	5700	7.31	12:00	1
27	14/06/2012	41074	1218	4601.752	5951.069	46.0292	59.85115	8	14.6304	5700	7.1	12:00	1
27	15/06/2012	41075	1218	4601.752	5951.069	46.0292	59.85115	8	14.6304	5700	6.9	8:30	1
27	16/06/2012	41076	1218	4601.752	5951.069	46.0292	59.85115	8	14.6304	5700	7.23	15:00	1
27	18/06/2012	41078	1218	4601.752	5951.069	46.0292	59.85115	8	14.6304	5700	6.42	14:30	2
27	19/06/2012	41079	1218	4601.752	5951.069	46.0292	59.85115	8	14.6304	5700	5.59	10:00	1
27	20/06/2012	41080	1218	4601.752	5951.069	46.0292	59.85115	8	14.6304	5700	5.49	12:00	1
27	21/06/2012	41081	1218	4601.752	5951.069	46.0292	59.85115	8	14.6304	5700	5.38	10:30	1
27	22/06/2012	41082	1218	4601.752	5951.069	46.0292	59.85115	8	14.6304	5700	6.03	13:30	1
27	23/06/2012	41083	1218	4601.752	5951.069	46.0292	59.85115	8	14.6304	5700	6.35	15:30	1
27	25/06/2012	41085	1218	4601.752	5951.069	46.0292	59.85115	8	14.6304	5700	6.32		2
27	26/06/2012	41086	1218	4601.752	5951.069	46.0292	59.85115	8	14.6304	5700	6.42	15:00	1
27	28/06/2012	41088	1218	4601.752	5951.069	46.0292	59.85115	8	14.6304	5700	6.96	13:00	2
27	29/06/2012	41089	1218	4601.752	5951.069	46.0292	59.85115	8	14.6304	5700	6.51	10:00	1
27	30/06/2012	41090	1218	4601.752	5951.069	46.0292	59.85115	8	14.6304	5700	5.48	14:00	1
27	02/07/2012	41092	1218	4601.752	5951.069	46.0292	59.85115	8	14.6304	5700	5.23	12:30	2
27	03/07/2012	41093	1218	4601.752	5951.069	46.0292	59.85115	8	14.6304	5700	6.84	10:30	1
27	04/07/2012	41094	1218	4601.752	5951.069	46.0292	59.85115	8	14.6304	5700	8.07	12:30	1
27	05/07/2012	41095	1218	4601.752	5951.069	46.0292	59.85115	8	14.6304	5700	8.14	11:00	1
27	06/07/2012	41096	1218	4601.752	5951.069	46.0292	59.85115	8	14.6304	5700	9.49	12:00	1
27	07/07/2012	41097	1218	4601.752	5951.069	46.0292	59.85115	8	14.6304	5700	11.52		1
27	09/07/2012	41099	1218	4601.752	5951.069	46.0292	59.85115	8	14.6304	5700	12.88	12:00	2
27	10/07/2012	41100	1218	4601.752	5951.069	46.0292	59.85115	8	14.6304	5700	12.71	11:00	1
27	11/07/2012	41101	1218	4601.752	5951.069	46.0292	59.85115	8	14.6304	5700	13.18	15:00	1
27	12/07/2012	41102	1218	4601.752	5951.069	46.0292	59.85115	8	14.6304	5700	13.41	9:30	1
27	14/05/2012	41043	1270	4553.95	5957.13	45.89916667	59.95216667	11	20.1168	4632	2.47	11:00	2
27	15/05/2012	41044	1270	4553.95	5957.13	45.89916667	59.95216667	11	20.1168	4632	2.43	11:00	1
27	16/05/2012	41045	1270	4553.95	5957.13	45.89916667	59.95216667	11	20.1168	4632	2.56	11:00	1
27	18/05/2012	41047	1270	4553.95	5957.13	45.89916667	59.95216667	11	20.1168	4632	2.74	11:00	2
27	19/05/2012	41048	1270	4553.95	5957.13	45.89916667	59.95216667	11	20.1168	4632	2.99	11:00	1
27	21/05/2012	41050	1270	4553.95	5957.13	45.89916667	59.95216667	11	20.1168	4632	3.16	11:00	2
27	22/05/2012	41051	1270	4553.95	5957.13	45.89916667	59.95216667	11	20.1168	4632	3.08	11:00	1
27	24/05/2012	41053	1270	4553.95	5957.13	45.89916667	59.95216667	11	20.1168	4632	4.52	11:00	2
27	25/05/2012	41054	1270	4553.95	5957.13	45.89916667	59.95216667	11	20.1168	4632	4.14	11:00	1
27	27/05/2012	41056	1270	4553.95	5957.13	45.89916667	59.95216667	11	20.1168	4632	4.28	11:00	2
27	28/05/2012	41057	1270	4553.95	5957.13	45.89916667	59.95216667	11	20.1168	4632	5.04	11:00	1
27	29/05/2012	41058	1270	4553.95	5957.13	45.89916667	59.95216667	11	20.1168	4632	6.15	11:00	1
27	30/05/2012	41059	1270	4553.95	5957.13	45.89916667	59.95216667	11	20.1168	4632	5.73	11:00	1
27	01/06/2012	41061	1270	4553.95	5957.13	45.89916667	59.95216667	11	20.1168	4632	5.83	11:00	2
27	02/06/2012	41062	1270	4553.95	5957.13	45.89916667	59.95216667	11	20.1168	4632	6.62	11:00	1
27	03/06/2012	41063	1270	4553.95	5957.13	45.89916667	59.95216667	11	20.1168	4632	6.28	11:00	1
27	05/06/2012	41065	1270	4553.95	5957.13	45.89916667	59.95216667	11	20.1168	4632	6.61	11:00	2
27	07/06/2012	41067	1270	4553.95	5957.13	45.89916667	59.95216667	11	20.1168	4632	5.69	11:00	2
27	08/06/2012	41068	1270	4553.95	5957.13	45.89916667	59.95216667	11	20.1168	4632	6.16	11:00	1
27	09/06/2012	41069	1270	4553.95	5957.13	45.89916667	59.95216667	11	20.1168	4632	6.15	11:00	1
27	11/06/2012	41071	1270	4553.95	5957.13	45.89916667	59.95216667	11	20.1168	4632	7.33	11:00	2
27	13/06/2012	41073	1270	4553.95	5957.13	45.89916667	59.95216667	11	20.1168	4632	7.2	11:00	2
27	15/06/2012	41075	1270	4553.95	5957.13	45.89916667	59.95216667	11	20.1168	4632	7.1	11:00	2
27	17/06/2012	41077	1270	4553.95	5957.13	45.89916667	59.95216667	11	20.1168	4632	7.32	11:00	2
27	19/06/2012	41079	1270	4553.95	5957.13	45.89916667	59.95216667	11	20.1168	4632	5.47	11:00	2
27	21/06/2012	41081	1270	4553.95	5957.13	45.89916667	59.95216667	11	20.1168	4632	6.03	11:00	2
27	22/06/2012	41082	1270	4553.95	5957.13	45.89916667	59.95216667	11	20.1168	4632	6.77	11:00	1
27	23/06/2012	41083	1270	4553.95	5957.13	45.89916667	59.95216667	11	20.1168	4632	6.58	11:00	1
27	25/06/2012	41085	1270	4553.95	5957.13	45.89916667	59.95216667	11	20.1168	4632	5.79	11:00	2
27	29/06/2012	41089	1270	4553.95	5957.13	45.89916667	59.95216667	11	20.1168	4632	5.02	11:00	4
27	05/07/2012	41095	1270	4553.95	5957.13	45.89916667	59.95216667	11	20.1168	4632	7.6	11:00	5
27	07/07/2012	41097	1270	4553.95	5957.13	45.89916667	59.95216667	11	20.1168	4632	10.07	11:00	2
27	09/07/2012	41099	1270	4553.95	5957.13	45.89916667	59.95216667	11	20.1168	4632	9.94	11:00	2
27	11/07/2012	41101	1270	4553.95	5957.13	45.89916667	59.95216667	11	20.1168	4632	10.99	11:00	2
27	12/07/2012	41102	1270	4553.95	5957.13	45.89916667	59.95216667	11	20.1168	4632	-99	11:00	1
27	14/05/2012	41043	1352	4606	5949.27	46.1	59.82116667	13	23.7744	5680	2.74	8:40	2
27	15/05/2012	41044	1352	4606	5949.27	46.1	59.82116667	13	23.7744	5680	2.68	8:30	1
27	16/05/2012	41045	1352	4606	5949.27	46.1	59.82116667	13	23.7744	5680	2.79	8:30	1
27	17/05/2012	41046	1352	4606	5949.27	46.1	59.82116667	13	23.7744	5680	2.38	8:35	1
27	18/05/2012	41047	1352	4606	5949.27	46.1	59.82116667	13	23.7744	5680	2.09	8:25	1
27	19/05/2012	41048	1352	4606	5949.27	46.1	59.82116667	13	23.7744	5680	2.69	8:10	1
27	21/05/2012	41050	1352	4606	5949.27	46.1	59.82116667	13	23.7744	5680	2.72	8:50	2
27	22/05/2012	41051	1352	4606	5949.27	46.1	59.82116667	13	23.7744	5680	2.73	8:05	1
27	23/05/2012	41052	1352	4606	5949.27	46.1	59.82116667	13	23.7744	5680	3.42	8:40	1
27	24/05/2012	41053	1352	4606	5949.27	46.1	59.82116667	13	23.7744	5680	4.15	8:15	1
27	25/05/2012	41054	1352	4606	5949.27	46.1	59.82116667	13	23.7744	5680	3.23	9:50	1
27	26/05/2012	41055	1352	4606	5949.27	46.1	59.82116667	13	23.7744	5680	3.06	8:15	1
27	28/05/2012	41057	1352	4606	5949.27	46.1	59.82116667	13	23.7744	5680	4.55	8:10	2
27	29/05/2012	41058	1352	4606	5949.27	46.1	59.82116667	13	23.7744	5680	5.55	7:50	1
27	30/05/2012	41059	1352	4606	5949.27	46.1	59.82116667	13	23.7744	5680	4.84	7:35	1
27	31/05/2012	41060	1352	4606	5949.27	46.1	59.82116667	13	23.7744	5680	5.24	8:00	1
27	01/06/2012	41061	1352	4606	5949.27	46.1	59.82116667	13	23.7744	5680	5.13	7:35	1
27	02/06/2012	41062	1352	4606	5949.27	46.1	59.82116667	13	23.7744	5680	6.97	7:35	1
27	04/06/2012	41064	1352	4606	5949.27	46.1	59.82116667	13	23.7744	5680	7.56	7:45	2
27	07/06/2012	41067	1352	4606	5949.27	46.1	59.82116667	13	23.7744	5680	6.75	7:50	3
27	08/06/2012	41068	1352	4606	5949.27	46.1	59.82116667	13	23.7744	5680	7.15	7:50	1
27	09/06/2012	41069	1352	4606	5949.27	46.1	59.82116667	13	23.7744	5680	7.22	8:02	1
27	11/06/2012	41071	1352	4606	5949.27	46.1	59.82116667	13	23.7744	5680	6.07	7:50	2
27	12/06/2012	41072	1352	4606	5949.27	46.1	59.82116667	13	23.7744	5680	5.89	7:20	1
27	13/06/2012	41073	1352	4606	5949.27	46.1	59.82116667	13	23.7744	5680	5.36	7:25	1
27	14/06/2012	41074	1352	4606	5949.27	46.1	59.82116667	13	23.7744	5680	4.94	7:30	1
27	15/06/2012	41075	1352	4606	5949.27	46.1	59.82116667	13	23.7744	5680	5.29	7:40	1
27	16/06/2012	41076	1352	4606	5949.27	46.1	59.82116667	13	23.7744	5680	5.52	8:30	1
27	18/06/2012	41078	1352	4606	5949.27	46.1	59.82116667	13	23.7744	5680	5.47	8:10	2
27	19/06/2012	41079	1352	4606	5949.27	46.1	59.82116667	13	23.7744	5680	5.36	7:20	1
27	20/06/2012	41080	1352	4606	5949.27	46.1	59.82116667	13	23.7744	5680	5.39	7:20	1
27	21/06/2012	41081	1352	4606	5949.27	46.1	59.82116667	13	23.7744	5680	6.1	7:30	1
27	22/06/2012	41082	1352	4606	5949.27	46.1	59.82116667	13	23.7744	5680	6.3	8:15	1
27	23/06/2012	41083	1352	4606	5949.27	46.1	59.82116667	13	23.7744	5680	5.98	8:00	1
27	25/06/2012	41085	1352	4606	5949.27	46.1	59.82116667	13	23.7744	5680	6.5	8:30	2
27	26/06/2012	41086	1352	4606	5949.27	46.1	59.82116667	13	23.7744	5680	7.12	9:00	1
27	28/06/2012	41088	1352	4606	5949.27	46.1	59.82116667	13	23.7744	5680	5.32	8:00	2
27	29/06/2012	41089	1352	4606	5949.27	46.1	59.82116667	13	23.7744	5680	5.21	7:40	1
27	30/06/2012	41090	1352	4606	5949.27	46.1	59.82116667	13	23.7744	5680	4.88	7:40	1
27	02/07/2012	41092	1352	4606	5949.27	46.1	59.82116667	13	23.7744	5680	6.14	7:40	2
27	03/07/2012	41093	1352	4606	5949.27	46.1	59.82116667	13	23.7744	5680	6.6	8:22	1
27	04/07/2012	41094	1352	4606	5949.27	46.1	59.82116667	13	23.7744	5680	8.03	8:00	1
27	05/07/2012	41095	1352	4606	5949.27	46.1	59.82116667	13	23.7744	5680	9.13	12:00	1
27	06/07/2012	41096	1352	4606	5949.27	46.1	59.82116667	13	23.7744	5680	10.52	7:50	1
27	07/07/2012	41097	1352	4606	5949.27	46.1	59.82116667	13	23.7744	5680	12.15	8:25	1
27	09/07/2012	41099	1352	4606	5949.27	46.1	59.82116667	13	23.7744	5680	11.85	8:20	2
27	10/07/2012	41100	1352	4606	5949.27	46.1	59.82116667	13	23.7744	5680	13.45	8:00	1
27	11/07/2012	41101	1352	4606	5949.27	46.1	59.82116667	13	23.7744	5680	13.8	8:20	1
27	12/07/2012	41102	1352	4606	5949.27	46.1	59.82116667	13	23.7744	5680	14.47	8:10	1
27	14/05/2012	41043	1356	4620.39	6020.4	46.33983333	60.34	11	20.1168	4252	1.86	5:50	2
27	15/05/2012	41044	1356	4620.39	6020.4	46.33983333	60.34	11	20.1168	4252	2.08	5:00	1
27	16/05/2012	41045	1356	4620.39	6020.4	46.33983333	60.34	11	20.1168	4252	2.06	5:10	1
27	17/05/2012	41046	1356	4620.39	6020.4	46.33983333	60.34	11	20.1168	4252	2.13	5:10	1
27	18/05/2012	41047	1356	4620.39	6020.4	46.33983333	60.34	11	20.1168	4252	2.09	4:50	1
27	19/05/2012	41048	1356	4620.39	6020.4	46.33983333	60.34	11	20.1168	4252	2.32	5:00	1
27	21/05/2012	41050	1356	4620.39	6020.4	46.33983333	60.34	11	20.1168	4252	3	4:45	2
27	22/05/2012	41051	1356	4620.39	6020.4	46.33983333	60.34	11	20.1168	4252	2.66	4:50	1
27	23/05/2012	41052	1356	4620.39	6020.4	46.33983333	60.34	11	20.1168	4252	2.79	4:50	1
27	24/05/2012	41053	1356	4620.39	6020.4	46.33983333	60.34	11	20.1168	4252	3.48	4:45	1
27	25/05/2012	41054	1356	4620.39	6020.4	46.33983333	60.34	11	20.1168	4252	4.17	4:40	1
27	26/05/2012	41055	1356	4620.39	6020.4	46.33983333	60.34	11	20.1168	4252	2.66	4:45	1
27	28/05/2012	41057	1356	4620.39	6020.4	46.33983333	60.34	11	20.1168	4252	4.5	5:00	2
27	29/05/2012	41058	1356	4620.39	6020.4	46.33983333	60.34	11	20.1168	4252	6.29	4:40	1
27	30/05/2012	41059	1356	4620.39	6020.4	46.33983333	60.34	11	20.1168	4252	6.49	4:40	1
27	31/05/2012	41060	1356	4620.39	6020.4	46.33983333	60.34	11	20.1168	4252	5.77	4:40	1
27	01/06/2012	41061	1356	4620.39	6020.4	46.33983333	60.34	11	20.1168	4252	4.52	4:50	1
27	02/06/2012	41062	1356	4620.39	6020.4	46.33983333	60.34	11	20.1168	4252	5.37	4:50	1
27	04/06/2012	41064	1356	4620.39	6020.4	46.33983333	60.34	11	20.1168	4252	6.79	4:50	2
27	07/06/2012	41067	1356	4620.39	6020.4	46.33983333	60.34	11	20.1168	4252	8.12	4:55	3
27	08/06/2012	41068	1356	4620.39	6020.4	46.33983333	60.34	11	20.1168	4252	7.57	5:10	1
27	09/06/2012	41069	1356	4620.39	6020.4	46.33983333	60.34	11	20.1168	4252	6.34	4:50	1
27	11/06/2012	41071	1356	4620.39	6020.4	46.33983333	60.34	11	20.1168	4252	4.87	4:50	2
27	12/06/2012	41072	1356	4620.39	6020.4	46.33983333	60.34	11	20.1168	4252	3.98	4:45	1
27	16/06/2012	41076	1356	4620.39	6020.4	46.33983333	60.34	11	20.1168	4252	6.31	9:00	4
27	18/06/2012	41078	1356	4620.39	6020.4	46.33983333	60.34	11	20.1168	4252	6.13	4:55	2
27	20/06/2012	41080	1356	4620.39	6020.4	46.33983333	60.34	11	20.1168	4252	5.09	4:40	2
27	22/06/2012	41082	1356	4620.39	6020.4	46.33983333	60.34	11	20.1168	4252	5.79	4:50	2
27	25/06/2012	41085	1356	4620.39	6020.4	46.33983333	60.34	11	20.1168	4252	6.48	11:15	3
27	27/06/2012	41087	1356	4620.39	6020.4	46.33983333	60.34	11	20.1168	4252	6.36	4:50	2
27	29/06/2012	41089	1356	4620.39	6020.4	46.33983333	60.34	11	20.1168	4252	4.65	5:10	2
27	02/07/2012	41092	1356	4620.39	6020.4	46.33983333	60.34	11	20.1168	4252	7.42	5:05	3
27	04/07/2012	41094	1356	4620.39	6020.4	46.33983333	60.34	11	20.1168	4252	12.02	11:20	2
27	06/07/2012	41096	1356	4620.39	6020.4	46.33983333	60.34	11	20.1168	4252	11.67	12:00	2
27	09/07/2012	41099	1356	4620.39	6020.4	46.33983333	60.34	11	20.1168	4252	11.27	18:40	3
27	11/07/2012	41101	1356	4620.39	6020.4	46.33983333	60.34	11	20.1168	4252	12.83	4:30	2
27	14/05/2012	41043	1480	4600.649	5954.618	46.01081667	59.9103	5	9.144	4157	3.38	11:30	2
27	15/05/2012	41044	1480	4600.649	5954.618	46.01081667	59.9103	5	9.144	4157	3.43	10:30	1
27	16/05/2012	41045	1480	4600.649	5954.618	46.01081667	59.9103	5	9.144	4157	3.3	10:45	1
27	19/05/2012	41048	1480	4600.649	5954.618	46.01081667	59.9103	5	9.144	4157	3.03	10:30	1
27	21/05/2012	41050	1480	4600.649	5954.618	46.01081667	59.9103	5	9.144	4157	7.45	10:30	2
27	22/05/2012	41051	1480	4600.649	5954.618	46.01081667	59.9103	5	9.144	4157	4.49		1
27	23/05/2012	41052	1480	4600.649	5954.618	46.01081667	59.9103	5	9.144	4157	3.85	10:30	1
27	24/05/2012	41053	1480	4600.649	5954.618	46.01081667	59.9103	5	9.144	4157	6.34	10:00	1
27	25/05/2012	41054	1480	4600.649	5954.618	46.01081667	59.9103	5	9.144	4157	7.63	11:00	1
27	26/05/2012	41055	1480	4600.649	5954.618	46.01081667	59.9103	5	9.144	4157	4.82	10:30	1
27	28/05/2012	41057	1480	4600.649	5954.618	46.01081667	59.9103	5	9.144	4157	7.09	10:30	2
27	30/05/2012	41059	1480	4600.649	5954.618	46.01081667	59.9103	5	9.144	4157	7.9	11:00	2
27	31/05/2012	41060	1480	4600.649	5954.618	46.01081667	59.9103	5	9.144	4157	7.84	10:00	1
27	01/06/2012	41061	1480	4600.649	5954.618	46.01081667	59.9103	5	9.144	4157	8.09	10:40	1
27	02/06/2012	41062	1480	4600.649	5954.618	46.01081667	59.9103	5	9.144	4157	8.41	11:00	1
27	04/06/2012	41064	1480	4600.649	5954.618	46.01081667	59.9103	4.5	8.2296	4157	8.7	11:00	2
27	07/06/2012	41067	1480	4600.649	5954.618	46.01081667	59.9103	5	9.144	4157	8.9	6:30	3
27	08/06/2012	41068	1480	4600.649	5954.618	46.01081667	59.9103	4.5	8.2296	4157	8.45	11:20	1
27	09/06/2012	41069	1480	4600.649	5954.618	46.01081667	59.9103	4.5	8.2296	4157	7.77	10:00	1
27	11/06/2012	41071	1480	4600.649	5954.618	46.01081667	59.9103	4.5	8.2296	4157	8.73		2
27	12/06/2012	41072	1480	4600.649	5954.618	46.01081667	59.9103	5	9.144	4157	8.68	11:00	1
27	13/06/2012	41073	1480	4600.649	5954.618	46.01081667	59.9103	5	9.144	4157	7.87		1
27	15/06/2012	41075	1480	4600.649	5954.618	46.01081667	59.9103	4.5	8.2296	4157	9.96	11:00	2
27	16/06/2012	41076	1480	4600.649	5954.618	46.01081667	59.9103	4.5	8.2296	4157	10.71	11:00	1
27	18/06/2012	41078	1480	4600.649	5954.618	46.01081667	59.9103	4.5	8.2296	4157	8.27	11:00	2
27	18/06/2012	41078	1480	4600.649	5954.618	46.01081667	59.9103	5	9.144	4157	3.25		2
27	19/06/2012	41079	1480	4600.649	5954.618	46.01081667	59.9103	4.5	8.2296	4157	7.2	11:00	1
27	21/06/2012	41081	1480	4600.649	5954.618	46.01081667	59.9103	4.5	8.2296	4157	6.41	11:00	2
27	23/06/2012	41083	1480	4600.649	5954.618	46.01081667	59.9103	4.5	8.2296	4157	9.19		2
27	28/06/2012	41088	1480	4600.649	5954.618	46.01081667	59.9103	5	9.144	4157	8.22	11:00	5
27	30/06/2012	41090	1480	4600.649	5954.618	46.01081667	59.9103	5	9.144	4157	6.84	11:00	2
27	02/07/2012	41092	1480	4600.649	5954.618	46.01081667	59.9103	4.5	8.2296	4157	7.35	10:00	2
27	04/07/2012	41094	1480	4600.649	5954.618	46.01081667	59.9103	4.5	8.2296	4157	12.62	11:00	2
27	05/07/2012	41095	1480	4600.649	5954.618	46.01081667	59.9103	4.5	8.2296	4157	11.5	11:00	1
27	07/07/2012	41097	1480	4600.649	5954.618	46.01081667	59.9103	4.5	8.2296	4157	13.79	11:00	2
27	09/07/2012	41099	1480	4600.649	5954.618	46.01081667	59.9103	4.5	8.2296	4157	14.29	11:00	2
27	10/07/2012	41100	1480	4600.649	5954.618	46.01081667	59.9103	4.5	8.2296	4157	14.06	10:30	1
27	14/05/2012	41043	1482	4621.06	6015.35	46.351	60.25583333	9.5	17.3736	4263	2.08	6:00	2
27	15/05/2012	41044	1482	4621.06	6015.35	46.351	60.25583333	9.5	17.3736	4263	2.12	6:00	1
27	16/05/2012	41045	1482	4621.06	6015.35	46.351	60.25583333	9.5	17.3736	4263	2.15	6:00	1
27	17/05/2012	41046	1482	4621.06	6015.35	46.351	60.25583333	9.5	17.3736	4263	2.15	6:00	1
27	18/05/2012	41047	1482	4621.06	6015.35	46.351	60.25583333	9.5	17.3736	4263	2.24	6:00	1
27	19/05/2012	41048	1482	4621.06	6015.35	46.351	60.25583333	9.5	17.3736	4263	2.35	6:00	1
27	21/05/2012	41050	1482	4621.06	6015.35	46.351	60.25583333	9.5	17.3736	4263	2.68	6:00	2
27	22/05/2012	41051	1482	4621.06	6015.35	46.351	60.25583333	9.5	17.3736	4263	4.62	6:00	1
27	23/05/2012	41052	1482	4621.06	6015.35	46.351	60.25583333	9.5	17.3736	4263	4.75	6:00	1
27	24/05/2012	41053	1482	4621.06	6015.35	46.351	60.25583333	9.5	17.3736	4263	4.5	6:00	1
27	25/05/2012	41054	1482	4621.06	6015.35	46.351	60.25583333	9.5	17.3736	4263	5.69	6:00	1
27	26/05/2012	41055	1482	4621.06	6015.35	46.351	60.25583333	9.5	17.3736	4263	5.53	6:00	1
27	28/05/2012	41057	1482	4621.06	6015.35	46.351	60.25583333	9.5	17.3736	4263	6.59	6:00	2
27	29/05/2012	41058	1482	4621.06	6015.35	46.351	60.25583333	9.5	17.3736	4263	7.43	6:00	1
27	30/05/2012	41059	1482	4621.06	6015.35	46.351	60.25583333	9.5	17.3736	4263	7.71	6:00	1
27	31/05/2012	41060	1482	4621.06	6015.35	46.351	60.25583333	9.5	17.3736	4263	7.33	6:00	1
27	01/06/2012	41061	1482	4621.06	6015.35	46.351	60.25583333	9.5	17.3736	4263	7.2	6:00	1
27	02/06/2012	41062	1482	4621.06	6015.35	46.351	60.25583333	9.5	17.3736	4263	8.07	6:00	1
27	04/06/2012	41064	1482	4621.06	6015.35	46.351	60.25583333	9.5	17.3736	4263	8.28	6:00	2
27	07/06/2012	41067	1482	4621.06	6015.35	46.351	60.25583333	9.5	17.3736	4263	9.03	6:00	3
27	08/06/2012	41068	1482	4621.06	6015.35	46.351	60.25583333	9.5	17.3736	4263	9.37	6:00	1
27	09/06/2012	41069	1482	4621.06	6015.35	46.351	60.25583333	9.5	17.3736	4263	9.25	6:00	1
27	11/06/2012	41071	1482	4621.06	6015.35	46.351	60.25583333	9.5	17.3736	4263	7.93	6:00	2
27	12/06/2012	41072	1482	4621.06	6015.35	46.351	60.25583333	9.5	17.3736	4263	7.4	6:00	1
27	13/06/2012	41073	1482	4621.06	6015.35	46.351	60.25583333	9.5	17.3736	4263	6.61	6:00	1
27	14/06/2012	41074	1482	4621.06	6015.35	46.351	60.25583333	9.5	17.3736	4263	6.55	6:00	1
27	15/06/2012	41075	1482	4621.06	6015.35	46.351	60.25583333	9.5	17.3736	4263	6.49	6:00	1
27	16/06/2012	41076	1482	4621.06	6015.35	46.351	60.25583333	9.5	17.3736	4263	7.49	6:00	1
27	18/06/2012	41078	1482	4621.06	6015.35	46.351	60.25583333	9.5	17.3736	4263	8.63	6:00	2
27	19/06/2012	41079	1482	4621.06	6015.35	46.351	60.25583333	9.5	17.3736	4263	8.03	6:00	1
27	20/06/2012	41080	1482	4621.06	6015.35	46.351	60.25583333	9.5	17.3736	4263	8.2	6:00	1
27	21/06/2012	41081	1482	4621.06	6015.35	46.351	60.25583333	9.5	17.3736	4263	7.58	6:00	1
27	22/06/2012	41082	1482	4621.06	6015.35	46.351	60.25583333	9.5	17.3736	4263	8.17	6:00	1
27	23/06/2012	41083	1482	4621.06	6015.35	46.351	60.25583333	9.5	17.3736	4263	8.84	6:00	1
27	25/06/2012	41085	1482	4621.06	6015.35	46.351	60.25583333	9.5	17.3736	4263	7.88	6:00	2
27	26/06/2012	41086	1482	4621.06	6015.35	46.351	60.25583333	9.5	17.3736	4263	8.44	6:00	1
27	28/06/2012	41088	1482	4621.06	6015.35	46.351	60.25583333	9.5	17.3736	4263	7.59	6:00	2
27	29/06/2012	41089	1482	4621.06	6015.35	46.351	60.25583333	9.5	17.3736	4263	8.16	6:00	1
27	30/06/2012	41090	1482	4621.06	6015.35	46.351	60.25583333	9.5	17.3736	4263	7.19	6:00	1
27	02/07/2012	41092	1482	4621.06	6015.35	46.351	60.25583333	9.5	17.3736	4263	9.01	6:00	2
27	03/07/2012	41093	1482	4621.06	6015.35	46.351	60.25583333	9.5	17.3736	4263	10.91	6:00	1
27	04/07/2012	41094	1482	4621.06	6015.35	46.351	60.25583333	9.5	17.3736	4263	12.51	6:00	1
27	05/07/2012	41095	1482	4621.06	6015.35	46.351	60.25583333	9.5	17.3736	4263	13.33	6:00	1
27	07/07/2012	41097	1482	4621.06	6015.35	46.351	60.25583333	9.5	17.3736	4263	13.66	6:00	2
27	09/07/2012	41099	1482	4621.06	6015.35	46.351	60.25583333	9.5	17.3736	4263	14.92	6:00	2
27	11/07/2012	41101	1482	4621.06	6015.35	46.351	60.25583333	9.5	17.3736	4263	14.77	6:00	2
27	14/05/2012	41043	1519	4622.995	6022.29	46.38325	60.3715	10	18.288	4625	2.49	8:30	2
27	15/05/2012	41044	1519	4622.995	6022.29	46.38325	60.3715	10	18.288	4625	2.54	7:00	1
27	16/05/2012	41045	1519	4622.995	6022.29	46.38325	60.3715	10	18.288	4625	2.67	7:00	1
27	17/05/2012	41046	1519	4622.995	6022.29	46.38325	60.3715	10	18.288	4625	2.85	7:00	1
27	18/05/2012	41047	1519	4622.995	6022.29	46.38325	60.3715	10	18.288	4625	2.87	8:10	1
27	19/05/2012	41048	1519	4622.995	6022.29	46.38325	60.3715	10	18.288	4625	3.79	8:30	1
27	19/05/2012	41048	1519	4622.995	6022.29	46.38325	60.3715	10	18.288	4625	6.78	9:30	1
27	21/05/2012	41050	1519	4622.995	6022.29	46.38325	60.3715	10	18.288	4625	3.68	9:00	2
27	22/05/2012	41051	1519	4622.995	6022.29	46.38325	60.3715	10	18.288	4625	3.98	7:15	1
27	23/05/2012	41052	1519	4622.995	6022.29	46.38325	60.3715	10	18.288	4625	4.81	8:00	1
27	24/05/2012	41053	1519	4622.995	6022.29	46.38325	60.3715	10	18.288	4625	5.33	6:30	1
27	25/05/2012	41054	1519	4622.995	6022.29	46.38325	60.3715	10	18.288	4625	5.22	8:00	1
27	26/05/2012	41055	1519	4622.995	6022.29	46.38325	60.3715	10	18.288	4625	4.12	8:30	1
27	28/05/2012	41057	1519	4622.995	6022.29	46.38325	60.3715	10	18.288	4625	5.62	6:30	2
27	30/05/2012	41059	1519	4622.995	6022.29	46.38325	60.3715	10	18.288	4625	6.96	9:30	1
27	31/05/2012	41060	1519	4622.995	6022.29	46.38325	60.3715	10	18.288	4625	6.47	7:30	1
27	01/06/2012	41061	1519	4622.995	6022.29	46.38325	60.3715	10	18.288	4625	5.93	9:30	1
27	02/06/2012	41062	1519	4622.995	6022.29	46.38325	60.3715	10	18.288	4625	7.07	9:00	1
27	04/06/2012	41064	1519	4622.995	6022.29	46.38325	60.3715	10	18.288	4625	8.12	9:00	2
27	07/06/2012	41067	1519	4622.995	6022.29	46.38325	60.3715	10	18.288	4625	8.68	8:30	3
27	08/06/2012	41068	1519	4622.995	6022.29	46.38325	60.3715	10	18.288	4625	8.5	7:00	1
27	09/06/2012	41069	1519	4622.995	6022.29	46.38325	60.3715	10	18.288	4625	8.08	8:00	1
27	11/06/2012	41071	1519	4622.995	6022.29	46.38325	60.3715	10	18.288	4625	5.58	8:00	2
27	12/06/2012	41072	1519	4622.995	6022.29	46.38325	60.3715	10	18.288	4625	4.66	8:00	1
27	13/06/2012	41073	1519	4622.995	6022.29	46.38325	60.3715	10	18.288	4625	3.44	9:30	1
27	14/06/2012	41074	1519	4622.995	6022.29	46.38325	60.3715	10	18.288	4625	3.84	9:30	1
27	16/06/2012	41076	1519	4622.995	6022.29	46.38325	60.3715	10	18.288	4625	7.82	8:30	2
27	18/06/2012	41078	1519	4622.995	6022.29	46.38325	60.3715	10	18.288	4625	7.23	8:30	2
27	19/06/2012	41079	1519	4622.995	6022.29	46.38325	60.3715	10	18.288	4625	6.49	9:00	1
27	21/06/2012	41081	1519	4622.995	6022.29	46.38325	60.3715	10	18.288	4625	5.61	8:30	2
27	23/06/2012	41083	1519	4622.995	6022.29	46.38325	60.3715	10	18.288	4625	7.38	8:30	2
27	25/06/2012	41085	1519	4622.995	6022.29	46.38325	60.3715	10	18.288	4625	7.07	6:30	2
27	28/06/2012	41088	1519	4622.995	6022.29	46.38325	60.3715	10	18.288	4625	5.62	7:00	3
27	30/06/2012	41090	1519	4622.995	6022.29	46.38325	60.3715	10	18.288	4625	5.83	6:30	2
27	02/07/2012	41092	1519	4622.995	6022.29	46.38325	60.3715	10	18.288	4625	8.84	9:00	2
27	05/07/2012	41095	1519	4622.995	6022.29	46.38325	60.3715	10	18.288	4625	12.75	7:00	3
27	07/07/2012	41097	1519	4622.995	6022.29	46.38325	60.3715	10	18.288	4625	13.08	8:30	2
27	09/07/2012	41099	1519	4622.995	6022.29	46.38325	60.3715	10	18.288	4625	13.03	8:30	2
27	11/07/2012	41101	1519	4622.995	6022.29	46.38325	60.3715	10	18.288	4625	13.47	7:00	2
27	14/05/2012	41043	1534	4700	6028	47	60.46666667	5	9.144	3370	4.98	13:40	2
27	15/05/2012	41044	1534	4700	6028	47	60.46666667	5	9.144	3370	4.84	13:30	1
27	16/05/2012	41045	1534	4700	6028	47	60.46666667	5	9.144	3370	4.22	11:40	1
27	17/05/2012	41046	1534	4700	6028	47	60.46666667	5	9.144	3370	4.36	13:30	1
27	18/05/2012	41047	1534	4700	6028	47	60.46666667	5	9.144	3370	5.44	12:30	1
27	19/05/2012	41048	1534	4700	6028	47	60.46666667	5	9.144	3370	5.39	13:20	1
27	21/05/2012	41050	1534	4700	6028	47	60.46666667	5	9.144	3370	5.8	12:15	2
27	22/05/2012	41051	1534	4700	6028	47	60.46666667	5	9.144	3370	5.99	12:15	1
27	23/05/2012	41052	1534	4700	6028	47	60.46666667	5	9.144	3370	5.85	13:30	1
27	24/05/2012	41053	1534	4700	6028	47	60.46666667	5	9.144	3370	6.65	14:00	1
27	25/05/2012	41054	1534	4700	6028	47	60.46666667	5	9.144	3370	7.16	12:30	1
27	28/05/2012	41057	1534	4700	6028	47	60.46666667	5	9.144	3370	7.3	13:30	3
27	30/05/2012	41059	1534	4700	6028	47	60.46666667	5	9.144	3370	7.08	11:30	2
27	31/05/2012	41060	1534	4700	6028	47	60.46666667	5	9.144	3370	5.91	12:45	1
27	02/06/2012	41062	1534	4700	6028	47	60.46666667	5	9.144	3370	6.34	7:00	2
27	08/06/2012	41068	1534	4700	6028	47	60.46666667	7	12.8016	3370	4.52	14:30	6
27	11/06/2012	41071	1534	4700	6028	47	60.46666667	6	10.9728	3370	4.27	10:30	3
27	13/06/2012	41073	1534	4700	6028	47	60.46666667	6	10.9728	3370	7.29	12:30	2
27	14/06/2012	41074	1534	4700	6028	47	60.46666667	6	10.9728	3370	8.26	14:00	1
27	15/06/2012	41075	1534	4700	6028	47	60.46666667	6	10.9728	3370	8.01	13:00	1
27	16/06/2012	41076	1534	4700	6028	47	60.46666667	6	10.9728	3370	7.28	9:00	1
27	18/06/2012	41078	1534	4700	6028	47	60.46666667	6	10.9728	3370	9.13	13:00	2
27	19/06/2012	41079	1534	4700	6028	47	60.46666667	3	5.4864	3370	9.95	13:00	1
27	20/06/2012	41080	1534	4700	6028	47	60.46666667	3	5.4864	3370	10.76	12:15	1
27	21/06/2012	41081	1534	4700	6028	47	60.46666667	3	5.4864	3370	11.33	12:15	1
27	22/06/2012	41082	1534	4700	6028	47	60.46666667	3	5.4864	3370	10.78	12:30	1
27	23/06/2012	41083	1534	4700	6028	47	60.46666667	3	5.4864	3370	11.9	13:00	1
27	25/06/2012	41085	1534	4700	6028	47	60.46666667	3	5.4864	3370	11.11	13:15	2
27	28/06/2012	41088	1534	4700	6028	47	60.46666667	3	5.4864	3370	10.88	10:30	3
27	30/06/2012	41090	1534	4700	6028	47	60.46666667	3	5.4864	3370	13.12	13:00	2
27	03/07/2012	41093	1534	4700	6028	47	60.46666667	3	5.4864	3370	14.28	13:00	3
27	04/07/2012	41094	1534	4700	6028	47	60.46666667	3	5.4864	3370	15.27	13:00	1
27	07/07/2012	41097	1534	4700	6028	47	60.46666667	3	5.4864	3370	13.96	10:00	3
27	14/05/2012	41043	1548	4637.317	6020.895	46.62195	60.34825	7	12.8016	5665	3.7	10:12	2
27	15/05/2012	41044	1548	4637.317	6020.895	46.62195	60.34825	7	12.8016	5665	3.84	9:10	1
27	16/05/2012	41045	1548	4637.317	6020.895	46.62195	60.34825	7	12.8016	5665	3.3	9:24	1
27	17/05/2012	41046	1548	4637.317	6020.895	46.62195	60.34825	10	18.288	5665	2.48	10:00	1
27	18/05/2012	41047	1548	4637.317	6020.895	46.62195	60.34825	9	16.4592	5665	2.57	9:50	1
27	19/05/2012	41048	1548	4637.317	6020.895	46.62195	60.34825	10	18.288	5665	3.94	9:45	1
27	21/05/2012	41050	1548	4637.317	6020.895	46.62195	60.34825	10	18.288	5665	5.63	10:45	2
27	22/05/2012	41051	1548	4637.317	6020.895	46.62195	60.34825	10	18.288	5665	4.24	11:31	1
27	23/05/2012	41052	1548	4637.317	6020.895	46.62195	60.34825	10	18.288	5665	4.47	11:45	1
27	24/05/2012	41053	1548	4637.317	6020.895	46.62195	60.34825	9	16.4592	5665	5.88	10:50	1
27	25/05/2012	41054	1548	4637.317	6020.895	46.62195	60.34825	9	16.4592	5665	4.74	11:25	1
27	26/05/2012	41055	1548	4637.317	6020.895	46.62195	60.34825	7	12.8016	5665	3.18	11:10	1
27	28/05/2012	41057	1548	4637.317	6020.895	46.62195	60.34825	7	12.8016	5665	7.01	10:45	2
27	29/05/2012	41058	1548	4637.317	6020.895	46.62195	60.34825	7	12.8016	5665	7.44	10:16	1
27	30/05/2012	41059	1548	4637.317	6020.895	46.62195	60.34825	7	12.8016	5665	7.21	10:40	1
27	31/05/2012	41060	1548	4637.317	6020.895	46.62195	60.34825	8	14.6304	5665	7.05	10:34	1
27	01/06/2012	41061	1548	4637.317	6020.895	46.62195	60.34825	7	12.8016	5665	7.33	9:50	1
27	02/06/2012	41062	1548	4637.317	6020.895	46.62195	60.34825	6	10.9728	5665	7.86	8:10	1
27	04/06/2012	41064	1548	4637.317	6020.895	46.62195	60.34825	6	10.9728	5665	8.68	6:33	2
27	05/06/2012	41065	1548	4637.317	6020.895	46.62195	60.34825	6	10.9728	5665	8.89	7:10	1
27	07/06/2012	41067	1548	4637.317	6020.895	46.62195	60.34825	7	12.8016	5665	8.64	7:22	2
27	08/06/2012	41068	1548	4637.317	6020.895	46.62195	60.34825	6	10.9728	5665	8.59	7:03	1
27	09/06/2012	41069	1548	4637.317	6020.895	46.62195	60.34825	6	10.9728	5665	7.35	8:18	1
27	11/06/2012	41071	1548	4637.317	6020.895	46.62195	60.34825	6	10.9728	5665	4.81	7:10	2
27	12/06/2012	41072	1548	4637.317	6020.895	46.62195	60.34825	6	10.9728	5665	5.35	5:47	1
27	13/06/2012	41073	1548	4637.317	6020.895	46.62195	60.34825	6	10.9728	5665	5.48	5:47	1
27	14/06/2012	41074	1548	4637.317	6020.895	46.62195	60.34825	6	10.9728	5665	6.27	6:06	1
27	15/06/2012	41075	1548	4637.317	6020.895	46.62195	60.34825	6	10.9728	5665	9.5	8:30	1
27	16/06/2012	41076	1548	4637.317	6020.895	46.62195	60.34825	6	10.9728	5665	8.72	6:11	1
27	18/06/2012	41078	1548	4637.317	6020.895	46.62195	60.34825	6	10.9728	5665	7.73	8:52	2
27	19/06/2012	41079	1548	4637.317	6020.895	46.62195	60.34825	6	10.9728	5665	7.96	8:10	1
27	20/06/2012	41080	1548	4637.317	6020.895	46.62195	60.34825	6	10.9728	5665	7.23	5:55	1
27	21/06/2012	41081	1548	4637.317	6020.895	46.62195	60.34825	6	10.9728	5665	9.13	8:45	1
27	22/06/2012	41082	1548	4637.317	6020.895	46.62195	60.34825	5	9.144	5665	10.55	6:26	1
27	23/06/2012	41083	1548	4637.317	6020.895	46.62195	60.34825	5	9.144	5665	9.48	6:10	1
27	25/06/2012	41085	1548	4637.317	6020.895	46.62195	60.34825	6	10.9728	5665	8.46	7:26	2
27	26/06/2012	41086	1548	4637.317	6020.895	46.62195	60.34825	6	10.9728	5665	8.85	6:57	1
27	28/06/2012	41088	1548	4637.317	6020.895	46.62195	60.34825	6	10.9728	5665	8.93	7:20	2
27	29/06/2012	41089	1548	4637.317	6020.895	46.62195	60.34825	6	10.9728	5665	5.98	7:02	1
27	30/06/2012	41090	1548	4637.317	6020.895	46.62195	60.34825	6	10.9728	5665	6.84	6:10	1
27	02/07/2012	41092	1548	4637.317	6020.895	46.62195	60.34825	6	10.9728	5665	13.55	6:30	2
27	03/07/2012	41093	1548	4637.317	6020.895	46.62195	60.34825	6	10.9728	5665	14.13	6:27	1
27	04/07/2012	41094	1548	4637.317	6020.895	46.62195	60.34825	6	10.9728	5665	14.76	8:35	1
27	05/07/2012	41095	1548	4637.317	6020.895	46.62195	60.34825	6	10.9728	5665	14.24	8:03	1
27	06/07/2012	41096	1548	4637.317	6020.895	46.62195	60.34825	5	9.144	5665	14.67	6:02	1
27	07/07/2012	41097	1548	4637.317	6020.895	46.62195	60.34825	6	10.9728	5665	15.43	6:49	1
27	09/07/2012	41099	1548	4637.317	6020.895	46.62195	60.34825	6	10.9728	5665	15.39	5:42	2
27	11/07/2012	41101	1548	4637.317	6020.895	46.62195	60.34825	5	9.144	5665	15.99	5:42	2
27	14/05/2012	41043	1549	4604.111	5952.09	46.06851667	59.86816667	6	10.9728	6517	3.65	7:40	2
27	15/05/2012	41044	1549	4604.111	5952.09	46.06851667	59.86816667	6.5	11.8872	6517	3.54	7:18	1
27	16/05/2012	41045	1549	4604.111	5952.09	46.06851667	59.86816667	6.5	11.8872	6517	3.5	8:10	1
27	17/05/2012	41046	1549	4604.111	5952.09	46.06851667	59.86816667	6.6	12.07008	6517	3.14	8:04	1
27	18/05/2012	41047	1549	4604.111	5952.09	46.06851667	59.86816667	6.8	12.43584	6517	3.16	8:38	1
27	19/05/2012	41048	1549	4604.111	5952.09	46.06851667	59.86816667	6.5	11.8872	6517	4.84	8:02	1
27	21/05/2012	41050	1549	4604.111	5952.09	46.06851667	59.86816667	6.5	11.8872	6517	5.53	8:08	2
27	22/05/2012	41051	1549	4604.111	5952.09	46.06851667	59.86816667	6.5	11.8872	6517	3.71	7:41	1
27	23/05/2012	41052	1549	4604.111	5952.09	46.06851667	59.86816667	6.5	11.8872	6517	7.22	8:30	1
27	24/05/2012	41053	1549	4604.111	5952.09	46.06851667	59.86816667	6.8	12.43584	6517	6.93	8:02	1
27	25/05/2012	41054	1549	4604.111	5952.09	46.06851667	59.86816667	6.5	11.8872	6517	5.89	8:15	1
27	26/05/2012	41055	1549	4604.111	5952.09	46.06851667	59.86816667	6.6	12.07008	6517	4.17	9:11	1
27	28/05/2012	41057	1549	4604.111	5952.09	46.06851667	59.86816667	6.5	11.8872	6517	7.28	8:00	2
27	29/05/2012	41058	1549	4604.111	5952.09	46.06851667	59.86816667	6.7	12.25296	6517	7.75	12:32	1
27	30/05/2012	41059	1549	4604.111	5952.09	46.06851667	59.86816667	6.5	11.8872	6517	7.78	14:10	1
27	31/05/2012	41060	1549	4604.111	5952.09	46.06851667	59.86816667	6.5	11.8872	6517	7.66	13:10	1
27	01/06/2012	41061	1549	4604.111	5952.09	46.06851667	59.86816667	6	10.9728	6517	7.06	7:53	1
27	02/06/2012	41062	1549	4604.111	5952.09	46.06851667	59.86816667	6.2	11.33856	6517	7.69	8:30	1
27	04/06/2012	41064	1549	4604.111	5952.09	46.06851667	59.86816667	6.5	11.8872	6517	8.4	8:14	2
27	07/06/2012	41067	1549	4604.111	5952.09	46.06851667	59.86816667	6.8	12.43584	6517	7.61	11:00	3
27	08/06/2012	41068	1549	4604.111	5952.09	46.06851667	59.86816667	6.5	11.8872	6517	7.53	12:10	1
27	09/06/2012	41069	1549	4604.111	5952.09	46.06851667	59.86816667	6.5	11.8872	6517	7.78	12:10	1
27	11/06/2012	41071	1549	4604.111	5952.09	46.06851667	59.86816667	6.2	11.33856	6517	8.32	14:09	2
27	12/06/2012	41072	1549	4604.111	5952.09	46.06851667	59.86816667	6	10.9728	6517	7.39	7:58	1
27	13/06/2012	41073	1549	4604.111	5952.09	46.06851667	59.86816667	6.6	12.07008	6517	7.13	13:12	1
27	15/06/2012	41075	1549	4604.111	5952.09	46.06851667	59.86816667	6.2	11.33856	6517	8.07	11:56	2
27	16/06/2012	41076	1549	4604.111	5952.09	46.06851667	59.86816667	6.2	11.33856	6517	9.7	11:06	1
27	18/06/2012	41078	1549	4604.111	5952.09	46.06851667	59.86816667	6.2	11.33856	6517	6.87	7:41	2
27	19/06/2012	41079	1549	4604.111	5952.09	46.06851667	59.86816667	6.6	12.07008	6517	6.56	8:04	1
27	20/06/2012	41080	1549	4604.111	5952.09	46.06851667	59.86816667	6	10.9728	6517	6.36	7:11	1
27	21/06/2012	41081	1549	4604.111	5952.09	46.06851667	59.86816667	6	10.9728	6517	7.26	14:19	1
27	22/06/2012	41082	1549	4604.111	5952.09	46.06851667	59.86816667	6	10.9728	6517	8.31	13:37	1
27	23/06/2012	41083	1549	4604.111	5952.09	46.06851667	59.86816667	6.2	11.33856	6517	7.44	9:10	1
27	25/06/2012	41085	1549	4604.111	5952.09	46.06851667	59.86816667	6.6	12.07008	6517	7.37	14:32	2
27	26/06/2012	41086	1549	4604.111	5952.09	46.06851667	59.86816667	6	10.9728	6517	7.85	13:01	1
27	28/06/2012	41088	1549	4604.111	5952.09	46.06851667	59.86816667	6.5	11.8872	6517	7.48	9:40	2
27	29/06/2012	41089	1549	4604.111	5952.09	46.06851667	59.86816667	6.2	11.33856	6517	6.64	8:13	1
27	30/06/2012	41090	1549	4604.111	5952.09	46.06851667	59.86816667	6	10.9728	6517	5.81	9:19	1
27	02/07/2012	41092	1549	4604.111	5952.09	46.06851667	59.86816667	6.2	11.33856	6517	8.73	9:20	2
27	03/07/2012	41093	1549	4604.111	5952.09	46.06851667	59.86816667	6	10.9728	6517	10.76	14:25	1
27	04/07/2012	41094	1549	4604.111	5952.09	46.06851667	59.86816667	6	10.9728	6517	10.79	8:30	1
27	05/07/2012	41095	1549	4604.111	5952.09	46.06851667	59.86816667	6	10.9728	6517	11.08	9:18	1
27	06/07/2012	41096	1549	4604.111	5952.09	46.06851667	59.86816667	6	10.9728	6517	12.25	13:48	1
27	07/07/2012	41097	1549	4604.111	5952.09	46.06851667	59.86816667	6.1	11.15568	6517	13.24	9:24	1
27	09/07/2012	41099	1549	4604.111	5952.09	46.06851667	59.86816667	6	10.9728	6517	14.3	8:52	2
27	10/07/2012	41100	1549	4604.111	5952.09	46.06851667	59.86816667	6	10.9728	6517	15.08	12:49	1
27	11/07/2012	41101	1549	4604.111	5952.09	46.06851667	59.86816667	6.5	11.8872	6517	15.67	5:12	1
27	12/07/2012	41102	1549	4604.111	5952.09	46.06851667	59.86816667	6	10.9728	6517	16.01	10:45	1
27	14/05/2012	41043	1551	4619.18	6013.75	46.31966667	60.22916667	14	25.6032	5702	3.96	11:30	2
27	15/05/2012	41044	1551	4619.18	6013.75	46.31966667	60.22916667	14	25.6032	5702	4.17	12:00	1
27	16/05/2012	41045	1551	4619.18	6013.75	46.31966667	60.22916667	14	25.6032	5702	4.24	10:30	1
27	17/05/2012	41046	1551	4619.18	6013.75	46.31966667	60.22916667	14	25.6032	5702	3.35	10:30	1
27	18/05/2012	41047	1551	4619.18	6013.75	46.31966667	60.22916667	14	25.6032	5702	4.1	12:15	1
27	19/05/2012	41048	1551	4619.18	6013.75	46.31966667	60.22916667	14	25.6032	5702	7.05	12:00	1
27	21/05/2012	41050	1551	4619.18	6013.75	46.31966667	60.22916667	14	25.6032	5702	6.48	10:15	2
27	22/05/2012	41051	1551	4619.18	6013.75	46.31966667	60.22916667	14	25.6032	5702	5.82	10:30	1
27	23/05/2012	41052	1551	4619.18	6013.75	46.31966667	60.22916667	14	25.6032	5702	5.99	10:15	1
27	25/05/2012	41054	1551	4619.18	6013.75	46.31966667	60.22916667	14	25.6032	5702	5.69	11:00	2
27	26/05/2012	41055	1551	4619.18	6013.75	46.31966667	60.22916667	14	25.6032	5702	5.93	11:00	1
27	28/05/2012	41057	1551	4619.18	6013.75	46.31966667	60.22916667	14	25.6032	5702	6.29	10:30	2
27	29/05/2012	41058	1551	4619.18	6013.75	46.31966667	60.22916667	14	25.6032	5702	7.47	10:30	1
27	30/05/2012	41059	1551	4619.18	6013.75	46.31966667	60.22916667	14	25.6032	5702	7.37	10:30	1
27	31/05/2012	41060	1551	4619.18	6013.75	46.31966667	60.22916667	14	25.6032	5702	7.3	11:00	1
27	01/06/2012	41061	1551	4619.18	6013.75	46.31966667	60.22916667	12	21.9456	5702	7.07	11:00	1
27	02/06/2012	41062	1551	4619.18	6013.75	46.31966667	60.22916667	12	21.9456	5702	8.89	10:30	1
27	04/06/2012	41064	1551	4619.18	6013.75	46.31966667	60.22916667	12	21.9456	5702	8.37	10:30	2
27	05/06/2012	41065	1551	4619.18	6013.75	46.31966667	60.22916667	12	21.9456	5702	9.05	11:00	1
27	07/06/2012	41067	1551	4619.18	6013.75	46.31966667	60.22916667	12	21.9456	5702	9.01	10:30	2
27	08/06/2012	41068	1551	4619.18	6013.75	46.31966667	60.22916667	12	21.9456	5702	9.08	10:30	1
27	09/06/2012	41069	1551	4619.18	6013.75	46.31966667	60.22916667	12	21.9456	5702	9.68	11:00	1
27	11/06/2012	41071	1551	4619.18	6013.75	46.31966667	60.22916667	12	21.9456	5702	9.36	10:30	2
27	12/06/2012	41072	1551	4619.18	6013.75	46.31966667	60.22916667	12	21.9456	5702	8.74	11:00	1
27	13/06/2012	41073	1551	4619.18	6013.75	46.31966667	60.22916667	12	21.9456	5702	7.6	10:30	1
27	14/06/2012	41074	1551	4619.18	6013.75	46.31966667	60.22916667	12	21.9456	5702	8.1	11:00	1
27	16/06/2012	41076	1551	4619.18	6013.75	46.31966667	60.22916667	12	21.9456	5702	9.27	11:15	2
27	18/06/2012	41078	1551	4619.18	6013.75	46.31966667	60.22916667	12	21.9456	5702	9.74	11:15	2
27	20/06/2012	41080	1551	4619.18	6013.75	46.31966667	60.22916667	12	21.9456	5702	9.76	11:00	2
27	21/06/2012	41081	1551	4619.18	6013.75	46.31966667	60.22916667	12	21.9456	5702	10.5	11:00	1
27	22/06/2012	41082	1551	4619.18	6013.75	46.31966667	60.22916667	12	21.9456	5702	10.54	6:30	1
27	23/06/2012	41083	1551	4619.18	6013.75	46.31966667	60.22916667	12	21.9456	5702	11.01	11:30	1
27	26/06/2012	41086	1551	4619.18	6013.75	46.31966667	60.22916667	12	21.9456	5702	8.1	11:30	3
27	28/06/2012	41088	1551	4619.18	6013.75	46.31966667	60.22916667	12	21.9456	5702	7.44	11:30	2
27	30/06/2012	41090	1551	4619.18	6013.75	46.31966667	60.22916667	12	21.9456	5702	7.26	12:00	2
27	02/07/2012	41092	1551	4619.18	6013.75	46.31966667	60.22916667	12	21.9456	5702	9	11:00	2
27	03/07/2012	41093	1551	4619.18	6013.75	46.31966667	60.22916667	12	21.9456	5702	11.04	10:30	1
27	04/07/2012	41094	1551	4619.18	6013.75	46.31966667	60.22916667	12	21.9456	5702	12.49	10:00	1
27	05/07/2012	41095	1551	4619.18	6013.75	46.31966667	60.22916667	8	14.6304	5702	13.15	11:00	1
27	06/07/2012	41096	1551	4619.18	6013.75	46.31966667	60.22916667	10	18.288	5702	13.25	10:30	1
27	07/07/2012	41097	1551	4619.18	6013.75	46.31966667	60.22916667	10	18.288	5702	13.33	11:00	1
27	09/07/2012	41099	1551	4619.18	6013.75	46.31966667	60.22916667	12	21.9456	5702	14.73	11:15	2
27	10/07/2012	41100	1551	4619.18	6013.75	46.31966667	60.22916667	12	21.9456	5702	14.79	10:45	1
27	11/07/2012	41101	1551	4619.18	6013.75	46.31966667	60.22916667	12	21.9456	5702	15.04	11:00	1
27	14/05/2012	41043	1567	4603.69	5952.95	46.0615	59.8825	7	12.8016	3379	3.6	5:10	2
27	15/05/2012	41044	1567	4603.69	5952.95	46.0615	59.8825	7	12.8016	3379	3.48	5:05	1
27	16/05/2012	41045	1567	4603.69	5952.95	46.0615	59.8825	7	12.8016	3379	3.45	5:03	1
27	17/05/2012	41046	1567	4603.69	5952.95	46.0615	59.8825	7	12.8016	3379	3.22	5:15	1
27	18/05/2012	41047	1567	4603.69	5952.95	46.0615	59.8825	7	12.8016	3379	3.23	5:05	1
27	19/05/2012	41048	1567	4603.69	5952.95	46.0615	59.8825	7	12.8016	3379	5.28	5:00	1
27	21/05/2012	41050	1567	4603.69	5952.95	46.0615	59.8825	7	12.8016	3379	6.54	5:00	2
27	22/05/2012	41051	1567	4603.69	5952.95	46.0615	59.8825	7	12.8016	3379	4.93	5:00	1
27	23/05/2012	41052	1567	4603.69	5952.95	46.0615	59.8825	7	12.8016	3379	5.34	5:15	1
27	24/05/2012	41053	1567	4603.69	5952.95	46.0615	59.8825	7	12.8016	3379	6.39	5:25	1
27	25/05/2012	41054	1567	4603.69	5952.95	46.0615	59.8825	8	14.6304	3379	4.49	5:40	1
27	26/05/2012	41055	1567	4603.69	5952.95	46.0615	59.8825	8	14.6304	3379	3.68	5:45	1
27	28/05/2012	41057	1567	4603.69	5952.95	46.0615	59.8825	8	14.6304	3379	8.19	5:33	2
27	29/05/2012	41058	1567	4603.69	5952.95	46.0615	59.8825	2	3.6576	3379	8.35	13:35	1
27	30/05/2012	41059	1567	4603.69	5952.95	46.0615	59.8825	2	3.6576	3379	8.41	13:45	1
27	31/05/2012	41060	1567	4603.69	5952.95	46.0615	59.8825	2	3.6576	3379	8.27	13:52	1
27	01/06/2012	41061	1567	4603.69	5952.95	46.0615	59.8825	2	3.6576	3379	7.72	13:30	1
27	02/06/2012	41062	1567	4603.69	5952.95	46.0615	59.8825	7	12.8016	3379	7.88	5:24	1
27	04/06/2012	41064	1567	4603.69	5952.95	46.0615	59.8825	7	12.8016	3379	8.5	5:20	2
27	05/06/2012	41065	1567	4603.69	5952.95	46.0615	59.8825	7	12.8016	3379	8.5	5:38	1
27	07/06/2012	41067	1567	4603.69	5952.95	46.0615	59.8825	7	12.8016	3379	7.71	4:43	2
27	08/06/2012	41068	1567	4603.69	5952.95	46.0615	59.8825	7	12.8016	3379	7.43	5:22	1
27	09/06/2012	41069	1567	4603.69	5952.95	46.0615	59.8825	7	12.8016	3379	7.69	5:26	1
27	11/06/2012	41071	1567	4603.69	5952.95	46.0615	59.8825	7	12.8016	3379	8.41	5:15	2
27	12/06/2012	41072	1567	4603.69	5952.95	46.0615	59.8825	7	12.8016	3379	8.01	5:24	1
27	13/06/2012	41073	1567	4603.69	5952.95	46.0615	59.8825	6	10.9728	3379	7.61	5:36	1
27	14/06/2012	41074	1567	4603.69	5952.95	46.0615	59.8825	6	10.9728	3379	7.65	5:28	1
27	15/06/2012	41075	1567	4603.69	5952.95	46.0615	59.8825	6	10.9728	3379	8.58	5:30	1
27	16/06/2012	41076	1567	4603.69	5952.95	46.0615	59.8825	6	10.9728	3379	9.83	5:22	1
27	18/06/2012	41078	1567	4603.69	5952.95	46.0615	59.8825	6	10.9728	3379	7.94	4:48	2
27	19/06/2012	41079	1567	4603.69	5952.95	46.0615	59.8825	6	10.9728	3379	7.34	5:22	1
27	20/06/2012	41080	1567	4603.69	5952.95	46.0615	59.8825	6	10.9728	3379	6.79	5:24	1
27	21/06/2012	41081	1567	4603.69	5952.95	46.0615	59.8825	6	10.9728	3379	7.68	5:32	1
27	22/06/2012	41082	1567	4603.69	5952.95	46.0615	59.8825	6	10.9728	3379	9.32	5:38	1
27	23/06/2012	41083	1567	4603.69	5952.95	46.0615	59.8825	4	7.3152	3379	9.05	4:39	1
27	25/06/2012	41085	1567	4603.69	5952.95	46.0615	59.8825	4	7.3152	3379	8.29	13:53	2
27	26/06/2012	41086	1567	4603.69	5952.95	46.0615	59.8825	4	7.3152	3379	8.49	5:02	1
27	28/06/2012	41088	1567	4603.69	5952.95	46.0615	59.8825	4	7.3152	3379	7.87	4:55	2
27	29/06/2012	41089	1567	4603.69	5952.95	46.0615	59.8825	4	7.3152	3379	7.3	4:55	1
27	30/06/2012	41090	1567	4603.69	5952.95	46.0615	59.8825	4	7.3152	3379	6.46	4:55	1
27	02/07/2012	41092	1567	4603.69	5952.95	46.0615	59.8825	4	7.3152	3379	10.32	4:40	2
27	03/07/2012	41093	1567	4603.69	5952.95	46.0615	59.8825	4	7.3152	3379	12.49	5:22	1
27	05/07/2012	41095	1567	4603.69	5952.95	46.0615	59.8825	4	7.3152	3379	11.85	4:44	2
27	07/07/2012	41097	1567	4603.69	5952.95	46.0615	59.8825	4	7.3152	3379	13.22	4:58	2
27	09/07/2012	41099	1567	4603.69	5952.95	46.0615	59.8825	4	7.3152	3379	14.53	4:42	2
27	11/07/2012	41101	1567	4603.69	5952.95	46.0615	59.8825	4	7.3152	3379	15.1	4:50	2
